0	1.000000
1	0.998047
2	0.994141
3	0.994141
4	0.992188
5	0.992188
6	0.988281
7	0.986328
8	0.984375
9	0.984375
10	0.982422
11	0.980469
12	0.978516
13	0.978516
14	0.974609
15	0.972656
16	0.970703
17	0.966797
18	0.964844
19	0.960938
20	0.964844
21	0.960938
22	0.958984
23	0.957031
24	0.951172
25	0.951172
26	0.947266
27	0.945312
28	0.943359
29	0.939453
30	0.933594
31	0.929688
32	0.925781
33	0.925781
34	0.922852
35	0.919922
36	0.916016
37	0.916016
38	0.914062
39	0.912109
40	0.910156
41	0.908203
42	0.907227
43	0.906250
44	0.904297
45	0.904297
46	0.900391
47	0.898438
48	0.896484
49	0.894531
50	0.890625
51	0.886719
52	0.884766
53	0.882812
54	0.878906
55	0.876953
56	0.875000
57	0.873047
58	0.871094
59	0.869141
60	0.869141
61	0.871094
62	0.867188
63	0.864258
64	0.865234
65	0.863281
66	0.863281
67	0.861328
68	0.861328
69	0.859375
70	0.859375
71	0.859375
72	0.859375
73	0.855469
74	0.853516
75	0.851562
76	0.849609
77	0.847656
78	0.845703
79	0.843750
80	0.843750
81	0.841797
82	0.841797
83	0.839844
84	0.839844
85	0.837891
86	0.835938
87	0.833984
88	0.830078
89	0.828125
90	0.830078
91	0.824219
92	0.820312
93	0.818359
94	0.818359
95	0.818359
96	0.816406
97	0.816406
98	0.814453
99	0.812500
100	0.810547
101	0.812500
102	0.810547
103	0.808594
104	0.806641
105	0.804688
106	0.800781
107	0.796875
108	0.796875
109	0.794922
110	0.791016
111	0.791016
112	0.789062
113	0.785156
114	0.783203
115	0.779297
116	0.779297
117	0.777344
118	0.775391
119	0.777344
120	0.775391
121	0.769531
122	0.763672
123	0.761719
124	0.759766
125	0.759766
126	0.757812
127	0.755859
128	0.753906
129	0.751953
130	0.750000
131	0.750000
132	0.748047
133	0.748047
134	0.748047
135	0.744141
136	0.742188
137	0.740234
138	0.738281
139	0.734375
140	0.732422
141	0.730469
142	0.728516
143	0.726562
144	0.724609
145	0.720703
146	0.718750
147	0.715820
148	0.711914
149	0.708984
150	0.705078
151	0.703125
152	0.701172
153	0.699219
154	0.693359
155	0.689453
156	0.685547
157	0.679688
158	0.678711
159	0.675781
160	0.673828
161	0.671875
162	0.669922
163	0.669922
164	0.669922
165	0.666016
166	0.664062
167	0.662109
168	0.660156
169	0.658203
170	0.656250
171	0.654297
172	0.652344
173	0.652344
174	0.649414
175	0.648438
176	0.648438
177	0.646484
178	0.644531
179	0.642578
180	0.640625
181	0.638672
182	0.636719
183	0.632812
184	0.630859
185	0.628906
186	0.628906
187	0.626953
188	0.621094
189	0.619141
190	0.617188
191	0.615234
192	0.613281
193	0.611328
194	0.609375
195	0.607422
196	0.607422
197	0.605469
198	0.603516
199	0.601562
200	0.605469
201	0.601562
202	0.599609
203	0.597656
204	0.595703
205	0.593750
206	0.589844
207	0.589844
208	0.589844
209	0.586589
210	0.584961
211	0.580078
212	0.580078
213	0.578125
214	0.576172
215	0.572266
216	0.572266
217	0.568359
218	0.566406
219	0.564453
220	0.562500
221	0.560547
222	0.556641
223	0.554688
224	0.552734
225	0.550781
226	0.548828
227	0.546875
228	0.544922
229	0.543620
230	0.541016
231	0.539062
232	0.537109
233	0.535156
234	0.535156
235	0.533203
236	0.531250
237	0.529297
238	0.529297
239	0.526042
240	0.523438
241	0.519531
242	0.517578
243	0.517578
244	0.513672
245	0.511719
246	0.507812
247	0.507812
248	0.505859
249	0.503906
250	0.501953
251	0.501953
252	0.498698
253	0.497070
254	0.495117
255	0.494141
256	0.496094
257	0.490234
258	0.488281
259	0.487793
260	0.488281
261	0.486328
262	0.486328
263	0.484375
264	0.482422
265	0.479492
266	0.476562
267	0.474609
268	0.472656
269	0.470703
270	0.468750
271	0.466797
272	0.462891
273	0.460938
274	0.451172
275	0.447266
276	0.445312
277	0.442708
278	0.439453
279	0.437500
280	0.437500
281	0.435547
282	0.433594
283	0.431641
284	0.429688
285	0.427734
286	0.423828
287	0.421875
288	0.420312
289	0.418945
290	0.417969
291	0.416016
292	0.414062
293	0.412109
294	0.410156
295	0.408203
296	0.404297
297	0.402344
298	0.398438
299	0.398438
300	0.394531
301	0.392578
302	0.389648
303	0.384115
304	0.380859
305	0.378906
306	0.376953
307	0.373047
308	0.371094
309	0.369141
310	0.367188
311	0.365234
312	0.363281
313	0.360352
314	0.357422
315	0.355469
316	0.353516
317	0.351562
318	0.348958
319	0.346680
320	0.343750
321	0.341797
322	0.337891
323	0.337891
324	0.335938
325	0.333984
326	0.330078
327	0.328125
328	0.326172
329	0.325684
330	0.326172
331	0.322917
332	0.320312
333	0.318359
334	0.318359
335	0.316162
336	0.312500
337	0.310547
338	0.308594
339	0.304688
340	0.302734
341	0.300781
342	0.298828
343	0.296875
344	0.294922
345	0.291992
346	0.289621
347	0.287760
348	0.283203
349	0.281250
350	0.280599
351	0.279297
352	0.277344
353	0.275391
354	0.273438
355	0.270508
356	0.265625
357	0.263672
358	0.261719
359	0.259766
360	0.256836
361	0.255371
362	0.252930
363	0.250977
364	0.248047
365	0.242188
366	0.237305
367	0.235677
368	0.233724
369	0.232422
370	0.230469
371	0.228516
372	0.226562
373	0.224609
374	0.222656
375	0.220703
376	0.218750
377	0.216797
378	0.214844
379	0.212891
380	0.209635
381	0.210938
382	0.209473
383	0.208984
384	0.208984
385	0.206543
386	0.201172
387	0.199219
388	0.197266
389	0.195312
390	0.194661
391	0.193359
392	0.191406
393	0.190430
394	0.189453
395	0.185156
396	0.183594
397	0.178445
398	0.173828
399	0.174805
400	0.171484
401	0.167394
402	0.157422
403	0.149711
404	0.148513
405	0.148717
406	0.151693
407	0.145833
408	0.151367
409	0.148438
410	0.144634
411	0.142109
412	0.137742
413	0.133434
414	0.131004
415	0.131882
416	0.126562
417	0.125928
418	0.120334
419	0.116982
420	0.112993
421	0.116211
422	0.112451
423	0.110042
424	0.104226
425	0.103516
426	0.103743
427	0.106627
428	0.103646
429	0.103271
430	0.101262
