#	< E / N >
1	-2.382353
2	-2.151176
3	-2.037292
4	-1.993878
5	-2.009917
6	-2.056876
7	-2.09637
8	-2.104485
9	-2.118516
10	-2.128887
11	-2.132844
12	-2.16807
13	-2.20856
14	-2.242643
15	-2.257578
16	-2.282495
17	-2.303828
18	-2.314726
19	-2.328237
20	-2.337687
21	-2.351369
22	-2.355925
23	-2.374775
24	-2.379362
25	-2.383542
26	-2.384175
27	-2.381441
28	-2.377558
29	-2.395485
30	-2.404524
31	-2.408093
32	-2.407617
33	-2.413029
34	-2.416637
35	-2.427947
36	-2.430766
37	-2.439201
38	-2.449111
39	-2.457838
40	-2.462608
41	-2.465672
42	-2.465696
43	-2.46896
44	-2.47661
45	-2.483436
46	-2.490318
47	-2.500668
48	-2.508163
49	-2.516777
50	-2.533789
51	-2.548402
52	-2.556125
53	-2.560831
54	-2.568501
55	-2.577782
56	-2.585804
57	-2.590491
58	-2.594678
59	-2.597781
60	-2.599392
61	-2.600324
62	-2.600319
63	-2.599448
64	-2.597373
65	-2.597318
66	-2.595302
67	-2.595279
68	-2.600457
69	-2.601985
70	-2.602476
71	-2.606963
72	-2.612074
73	-2.613359
74	-2.612954
75	-2.615721
76	-2.616757
77	-2.620367
78	-2.626549
79	-2.630221
80	-2.627254
81	-2.626046
82	-2.624103
83	-2.627599
84	-2.629458
85	-2.628826
86	-2.626965
87	-2.623466
88	-2.623083
89	-2.620998
90	-2.614892
91	-2.608574
92	-2.602764
93	-2.600763
94	-2.599066
95	-2.595391
96	-2.589884
97	-2.587632
98	-2.586137
99	-2.585441
100	-2.582087
101	-2.578157
102	-2.576846
103	-2.574158
104	-2.57024
105	-2.567984
106	-2.563324
107	-2.557726
108	-2.557051
109	-2.555763
110	-2.553057
111	-2.551077
112	-2.550869
113	-2.552348
114	-2.555439
115	-2.55544
116	-2.554693
117	-2.550807
118	-2.548257
119	-2.54556
120	-2.544637
121	-2.544696
122	-2.543139
123	-2.546466
124	-2.548851
125	-2.55146
126	-2.55502
127	-2.558316
128	-2.560922
129	-2.562826
130	-2.564948
131	-2.565434
132	-2.563754
133	-2.561829
134	-2.558742
135	-2.554603
136	-2.550219
137	-2.544638
138	-2.540192
139	-2.536538
140	-2.531647
141	-2.528586
142	-2.525385
143	-2.524552
144	-2.525076
145	-2.525106
146	-2.52566
147	-2.528708
148	-2.533046
149	-2.534414
150	-2.535716
151	-2.536399
152	-2.536266
153	-2.536029
154	-2.538358
155	-2.540783
156	-2.542596
157	-2.543448
158	-2.544627
159	-2.545962
160	-2.548509
161	-2.549949
162	-2.551936
163	-2.553856
164	-2.556576
165	-2.560977
166	-2.565094
167	-2.56799
168	-2.571531
169	-2.574066
170	-2.575542
171	-2.57549
172	-2.572746
173	-2.569229
174	-2.567986
175	-2.567915
176	-2.566514
177	-2.567026
178	-2.56698
179	-2.567427
180	-2.56938
181	-2.570297
182	-2.570195
183	-2.569629
184	-2.568707
185	-2.567757
186	-2.566612
187	-2.565008
188	-2.56341
189	-2.562353
190	-2.560563
191	-2.559824
192	-2.559736
193	-2.55872
194	-2.557496
195	-2.557304
196	-2.555524
197	-2.554335
198	-2.553165
199	-2.552584
200	-2.551383
201	-2.550817
202	-2.550711
203	-2.551118
204	-2.550946
205	-2.550907
206	-2.548979
207	-2.546994
208	-2.546695
209	-2.547312
210	-2.548979
211	-2.550092
212	-2.551322
213	-2.551684
214	-2.55255
215	-2.552939
216	-2.55329
217	-2.555099
218	-2.556911
219	-2.558934
220	-2.561062
221	-2.563177
222	-2.565382
223	-2.566832
224	-2.567774
225	-2.568707
226	-2.569007
227	-2.569529
228	-2.569498
229	-2.570044
230	-2.571244
231	-2.572545
232	-2.573689
233	-2.574474
234	-2.575413
235	-2.575718
236	-2.575662
237	-2.575275
238	-2.574003
239	-2.575387
240	-2.576729
241	-2.578485
242	-2.580771
243	-2.582382
244	-2.583318
245	-2.583098
246	-2.583804
247	-2.585489
248	-2.586923
249	-2.587913
250	-2.588738
251	-2.590376
252	-2.592538
253	-2.593037
254	-2.595426
255	-2.598803
256	-2.601258
257	-2.603014
258	-2.604851
259	-2.60596
260	-2.607658
261	-2.608859
262	-2.608607
263	-2.60983
264	-2.610938
265	-2.612047
266	-2.612432
267	-2.6115
268	-2.611801
269	-2.611943
270	-2.612547
271	-2.613538
272	-2.614083
273	-2.613665
274	-2.614254
275	-2.615736
276	-2.616538
277	-2.617419
278	-2.618076
279	-2.620241
280	-2.621767
281	-2.623791
282	-2.625214
283	-2.626627
284	-2.629089
285	-2.632145
286	-2.634994
287	-2.637178
288	-2.639407
289	-2.640741
290	-2.641254
291	-2.641628
292	-2.641713
293	-2.642692
294	-2.643123
295	-2.644333
296	-2.645788
297	-2.64698
298	-2.647978
299	-2.648804
300	-2.649434
301	-2.649692
302	-2.650417
303	-2.65017
304	-2.649899
305	-2.649641
306	-2.649254
307	-2.649812
308	-2.649984
309	-2.649351
310	-2.64861
311	-2.64773
312	-2.646054
313	-2.645306
314	-2.645071
315	-2.644504
316	-2.64375
317	-2.642462
318	-2.639837
319	-2.637455
320	-2.6364
321	-2.63517
322	-2.634462
323	-2.633714
324	-2.632397
325	-2.631146
326	-2.630232
327	-2.629324
328	-2.628881
329	-2.627946
330	-2.627088
331	-2.625733
332	-2.625072
333	-2.624978
334	-2.62516
335	-2.626428
336	-2.627769
337	-2.628791
338	-2.629809
339	-2.63122
340	-2.632607
341	-2.634197
342	-2.635267
343	-2.636978
344	-2.638183
345	-2.638711
346	-2.638909
347	-2.638465
348	-2.638405
349	-2.637593
350	-2.63804
351	-2.638992
352	-2.639349
353	-2.639663
354	-2.640299
355	-2.640484
356	-2.640754
357	-2.640671
358	-2.640771
359	-2.640815
360	-2.640465
361	-2.640461
362	-2.640409
363	-2.639779
364	-2.638271
365	-2.637373
366	-2.636827
367	-2.635971
368	-2.635827
369	-2.636001
370	-2.635934
371	-2.635452
372	-2.635654
373	-2.635834
374	-2.636315
375	-2.636035
376	-2.636028
377	-2.635578
378	-2.634577
379	-2.634618
380	-2.634635
381	-2.634769
382	-2.634379
383	-2.634318
384	-2.634121
385	-2.63473
386	-2.634566
387	-2.633944
388	-2.633058
389	-2.632973
390	-2.63173
391	-2.631093
392	-2.63028
393	-2.630258
394	-2.63051
395	-2.630372
396	-2.629453
397	-2.629084
398	-2.628889
399	-2.628768
400	-2.62849
401	-2.627022
402	-2.62484
403	-2.623393
404	-2.622789
405	-2.622048
406	-2.621054
407	-2.620001
408	-2.618845
409	-2.619018
410	-2.619053
411	-2.61885
412	-2.618238
413	-2.6176
414	-2.617786
415	-2.616975
416	-2.616147
417	-2.615389
418	-2.614315
419	-2.614464
420	-2.614682
421	-2.614443
422	-2.614208
423	-2.614647
424	-2.614377
425	-2.614034
426	-2.613828
427	-2.613656
428	-2.613185
429	-2.612662
430	-2.612598
431	-2.612232
432	-2.611465
433	-2.609843
434	-2.608254
435	-2.606999
436	-2.606787
437	-2.607006
438	-2.607316
439	-2.608036
440	-2.608472
441	-2.608712
442	-2.608529
443	-2.607883
444	-2.607265
445	-2.606693
446	-2.605767
447	-2.605492
448	-2.60486
449	-2.605271
450	-2.606149
451	-2.607133
452	-2.608825
453	-2.610635
454	-2.612083
455	-2.612685
456	-2.613147
457	-2.613757
458	-2.614107
459	-2.614464
460	-2.615181
461	-2.616228
462	-2.617167
463	-2.61805
464	-2.618366
465	-2.618419
466	-2.618395
467	-2.618141
468	-2.618337
469	-2.618982
470	-2.619355
471	-2.619391
472	-2.619761
473	-2.620068
474	-2.620508
475	-2.620722
476	-2.620993
477	-2.621627
478	-2.622571
479	-2.623021
480	-2.623048
481	-2.622923
482	-2.622797
483	-2.622543
484	-2.622437
485	-2.62238
486	-2.622615
487	-2.622589
488	-2.622679
489	-2.622458
490	-2.62281
491	-2.622988
492	-2.62326
493	-2.623855
494	-2.623962
495	-2.623012
496	-2.62226
497	-2.621655
498	-2.620938
499	-2.621102
500	-2.621908
501	-2.623138
502	-2.624188
503	-2.624741
504	-2.62512
505	-2.62524
506	-2.625487
507	-2.625413
508	-2.625456
509	-2.625313
510	-2.625009
511	-2.625032
512	-2.625094
513	-2.625289
514	-2.625045
515	-2.625052
516	-2.625079
517	-2.624666
518	-2.624587
519	-2.623934
520	-2.622413
521	-2.621638
522	-2.62126
523	-2.621028
524	-2.620459
525	-2.621084
526	-2.621085
527	-2.620882
528	-2.620854
529	-2.62098
530	-2.620752
531	-2.620642
532	-2.620765
533	-2.620707
534	-2.620793
535	-2.621416
536	-2.621732
537	-2.6218
538	-2.621123
539	-2.620342
540	-2.619257
541	-2.618039
542	-2.617206
543	-2.615786
544	-2.614884
545	-2.614325
546	-2.613919
547	-2.613819
548	-2.613523
549	-2.613051
550	-2.611621
551	-2.610662
552	-2.609993
553	-2.609894
554	-2.609609
555	-2.609146
556	-2.608757
557	-2.60837
558	-2.607712
559	-2.607136
560	-2.607188
561	-2.607443
562	-2.607579
563	-2.607965
564	-2.608287
565	-2.608067
566	-2.607952
567	-2.607619
568	-2.607807
569	-2.607676
570	-2.607682
571	-2.607965
572	-2.608262
573	-2.608858
574	-2.608809
575	-2.608704
576	-2.608375
577	-2.607933
578	-2.607327
579	-2.607068
580	-2.606668
581	-2.606406
582	-2.606223
583	-2.60589
584	-2.605128
585	-2.604778
586	-2.604111
587	-2.603934
588	-2.603675
589	-2.603118
590	-2.602944
591	-2.603938
592	-2.60456
593	-2.604471
594	-2.604271
595	-2.604209
596	-2.604713
597	-2.605194
598	-2.605344
599	-2.60546
600	-2.605352
601	-2.605483
602	-2.605711
603	-2.605736
604	-2.606138
605	-2.606309
606	-2.606698
607	-2.607268
608	-2.608355
609	-2.608878
610	-2.609314
611	-2.609408
612	-2.609745
613	-2.609853
614	-2.60996
615	-2.610177
616	-2.610567
617	-2.610152
618	-2.60992
619	-2.610135
620	-2.610295
621	-2.61044
622	-2.610614
623	-2.610719
624	-2.610595
625	-2.610667
626	-2.610809
627	-2.610995
628	-2.611427
629	-2.611178
630	-2.610684
631	-2.610056
632	-2.609838
633	-2.609725
634	-2.609842
635	-2.609877
636	-2.609347
637	-2.609253
638	-2.609544
639	-2.609745
640	-2.609878
641	-2.609411
642	-2.609358
643	-2.609344
644	-2.609562
645	-2.609916
646	-2.609612
647	-2.609926
648	-2.610256
649	-2.610421
650	-2.610902
651	-2.611094
652	-2.611252
653	-2.611225
654	-2.611485
655	-2.610857
656	-2.610169
657	-2.609977
658	-2.610049
659	-2.610602
660	-2.611474
661	-2.612101
662	-2.612608
663	-2.613033
664	-2.613616
665	-2.613345
666	-2.613247
667	-2.613584
668	-2.614129
669	-2.614518
670	-2.615094
671	-2.615327
672	-2.615313
673	-2.615434
674	-2.614945
675	-2.614091
676	-2.613693
677	-2.613294
678	-2.613426
679	-2.613709
680	-2.614073
681	-2.614461
682	-2.615074
683	-2.615371
684	-2.615719
685	-2.616055
686	-2.616229
687	-2.616346
688	-2.616675
689	-2.616787
690	-2.616794
691	-2.61688
692	-2.616923
693	-2.617146
694	-2.616797
695	-2.616406
696	-2.616169
697	-2.616382
698	-2.616891
699	-2.617355
700	-2.617355
701	-2.617371
702	-2.617469
703	-2.617705
704	-2.617854
705	-2.618477
706	-2.619139
707	-2.619638
708	-2.619677
709	-2.6197
710	-2.619656
711	-2.619811
712	-2.620003
713	-2.619835
714	-2.619749
715	-2.619987
716	-2.619651
717	-2.619716
718	-2.619713
719	-2.619383
720	-2.619105
721	-2.618891
722	-2.618854
723	-2.61892
724	-2.619052
725	-2.618999
726	-2.618981
727	-2.619191
728	-2.618899
729	-2.617999
730	-2.617199
731	-2.616257
732	-2.615626
733	-2.61537
734	-2.614626
735	-2.614398
736	-2.614002
737	-2.613531
738	-2.613377
739	-2.613997
740	-2.614782
741	-2.615411
742	-2.616107
743	-2.616926
744	-2.617614
745	-2.618127
746	-2.61878
747	-2.619537
748	-2.619625
749	-2.619858
750	-2.620073
751	-2.620234
752	-2.620235
753	-2.62037
754	-2.62067
755	-2.620928
756	-2.621029
757	-2.620957
758	-2.621074
759	-2.621094
760	-2.621074
761	-2.620936
762	-2.620502
763	-2.619742
764	-2.619124
765	-2.618533
766	-2.617562
767	-2.616982
768	-2.616493
769	-2.615908
770	-2.615324
771	-2.614387
772	-2.613842
773	-2.613227
774	-2.612803
775	-2.612512
776	-2.612465
777	-2.612633
778	-2.612585
779	-2.611989
780	-2.610976
781	-2.609606
782	-2.608827
783	-2.607441
784	-2.60617
785	-2.605133
786	-2.604007
787	-2.602816
788	-2.601797
789	-2.600869
790	-2.599763
791	-2.5986
792	-2.597704
793	-2.597226
794	-2.596856
795	-2.596438
796	-2.596442
797	-2.596204
798	-2.596304
799	-2.596345
800	-2.596724
801	-2.597418
802	-2.597482
803	-2.597507
804	-2.597239
805	-2.59698
806	-2.596736
807	-2.59674
808	-2.596676
809	-2.596364
810	-2.596281
811	-2.596331
812	-2.595914
813	-2.5953
814	-2.594305
815	-2.593242
816	-2.592142
817	-2.590938
818	-2.590114
819	-2.589619
820	-2.589491
821	-2.589423
822	-2.589618
823	-2.590117
824	-2.590173
825	-2.590177
826	-2.590006
827	-2.590048
828	-2.590129
829	-2.590255
830	-2.590213
831	-2.58975
832	-2.589814
833	-2.589885
834	-2.589563
835	-2.589689
836	-2.589814
837	-2.589521
838	-2.589414
839	-2.58884
840	-2.58892
841	-2.588904
842	-2.588374
843	-2.588045
844	-2.587607
845	-2.58761
846	-2.58732
847	-2.586779
848	-2.586127
849	-2.585396
850	-2.584869
851	-2.584623
852	-2.584832
853	-2.585319
854	-2.586055
855	-2.586355
856	-2.586491
857	-2.586495
858	-2.586277
859	-2.58606
860	-2.585866
861	-2.585651
862	-2.585692
863	-2.585643
864	-2.586042
865	-2.586436
866	-2.586666
867	-2.586945
868	-2.587185
869	-2.587418
870	-2.58801
871	-2.588266
872	-2.587935
873	-2.587431
874	-2.58726
875	-2.587176
876	-2.587216
877	-2.58737
878	-2.58765
879	-2.587781
880	-2.587664
881	-2.587624
882	-2.587888
883	-2.588438
884	-2.588986
885	-2.589392
886	-2.589612
887	-2.590018
888	-2.590531
889	-2.591042
890	-2.591136
891	-2.591354
892	-2.592256
893	-2.593216
894	-2.594077
895	-2.594789
896	-2.595564
897	-2.596135
898	-2.596405
899	-2.596313
900	-2.596272
901	-2.595887
902	-2.596193
903	-2.596613
904	-2.596972
905	-2.597165
906	-2.597309
907	-2.597319
908	-2.597194
909	-2.597338
910	-2.597524
911	-2.597663
912	-2.597688
913	-2.597261
914	-2.596903
915	-2.596381
916	-2.59573
917	-2.595043
918	-2.594571
919	-2.594286
920	-2.594375
921	-2.594258
922	-2.593986
923	-2.593517
924	-2.593084
925	-2.592752
926	-2.5926
927	-2.592447
928	-2.592178
929	-2.5919
930	-2.591943
931	-2.592023
932	-2.592122
933	-2.592202
934	-2.592071
935	-2.591924
936	-2.591713
937	-2.591678
938	-2.59193
939	-2.592
940	-2.592089
941	-2.591699
942	-2.591474
943	-2.591642
944	-2.591949
945	-2.592405
946	-2.592419
947	-2.592443
948	-2.592925
949	-2.593561
950	-2.594129
951	-2.594225
952	-2.594513
953	-2.594831
954	-2.594916
955	-2.594874
956	-2.594958
957	-2.595477
958	-2.595845
959	-2.596341
960	-2.596812
961	-2.597091
962	-2.597535
963	-2.59808
964	-2.598128
965	-2.59843
966	-2.598789
967	-2.599439
968	-2.599717
969	-2.599907
970	-2.600103
971	-2.599953
972	-2.600039
973	-2.599765
974	-2.599636
975	-2.598918
976	-2.598269
977	-2.597828
978	-2.597579
979	-2.597597
980	-2.597128
981	-2.59673
982	-2.595972
983	-2.594996
984	-2.594579
985	-2.593686
986	-2.593219
987	-2.592505
988	-2.592032
989	-2.591602
990	-2.591283
991	-2.591077
992	-2.590839
993	-2.590848
994	-2.590924
995	-2.590949
996	-2.590857
997	-2.590838
998	-2.590903
999	-2.590764
1000	-2.590719
1001	-2.590612
1002	-2.589796
1003	-2.589303
1004	-2.588923
1005	-2.588202
1006	-2.587746
1007	-2.587125
1008	-2.586701
1009	-2.586435
1010	-2.586066
1011	-2.586009
1012	-2.585807
1013	-2.585439
1014	-2.585447
1015	-2.58563
1016	-2.585878
1017	-2.585903
1018	-2.585582
1019	-2.585614
1020	-2.585789
1021	-2.586027
1022	-2.585943
1023	-2.585785
1024	-2.585394
1025	-2.584935
1026	-2.584899
1027	-2.584518
1028	-2.58395
1029	-2.583494
1030	-2.582801
1031	-2.582352
1032	-2.581676
1033	-2.580952
1034	-2.58039
1035	-2.57998
1036	-2.579876
1037	-2.579774
1038	-2.579653
1039	-2.579416
1040	-2.579076
1041	-2.578887
1042	-2.578516
1043	-2.578268
1044	-2.578097
1045	-2.578009
1046	-2.578085
1047	-2.578117
1048	-2.578183
1049	-2.578094
1050	-2.577897
1051	-2.577474
1052	-2.576894
1053	-2.576276
1054	-2.576097
1055	-2.575975
1056	-2.575649
1057	-2.575267
1058	-2.57507
1059	-2.575183
1060	-2.575287
1061	-2.57525
1062	-2.574817
1063	-2.57437
1064	-2.574124
1065	-2.574039
1066	-2.574032
1067	-2.574226
1068	-2.574274
1069	-2.574292
1070	-2.57437
1071	-2.574647
1072	-2.574743
1073	-2.574942
1074	-2.575244
1075	-2.575571
1076	-2.575989
1077	-2.576519
1078	-2.576976
1079	-2.577545
1080	-2.578216
1081	-2.578768
1082	-2.579458
1083	-2.579934
1084	-2.580225
1085	-2.580477
1086	-2.580294
1087	-2.580221
1088	-2.580326
1089	-2.580154
1090	-2.58012
1091	-2.579841
1092	-2.57966
1093	-2.579484
1094	-2.579503
1095	-2.579538
1096	-2.579765
1097	-2.579596
1098	-2.579458
1099	-2.579324
1100	-2.578997
1101	-2.578626
1102	-2.578567
1103	-2.578452
1104	-2.578425
1105	-2.578173
1106	-2.578042
1107	-2.577903
1108	-2.577243
1109	-2.576691
1110	-2.57648
1111	-2.576386
1112	-2.576385
1113	-2.576167
1114	-2.5765
1115	-2.576963
1116	-2.577294
1117	-2.577535
1118	-2.577819
1119	-2.578043
1120	-2.578445
1121	-2.578702
1122	-2.578619
1123	-2.578664
1124	-2.578949
1125	-2.579124
1126	-2.579498
1127	-2.579851
1128	-2.580266
1129	-2.580524
1130	-2.580939
1131	-2.581442
1132	-2.581963
1133	-2.582105
1134	-2.582297
1135	-2.582335
1136	-2.582542
1137	-2.582809
1138	-2.582969
1139	-2.583154
1140	-2.582935
1141	-2.58266
1142	-2.582506
1143	-2.582409
1144	-2.582268
1145	-2.582265
1146	-2.582347
1147	-2.582183
1148	-2.581955
1149	-2.581694
1150	-2.581368
1151	-2.580734
1152	-2.580172
1153	-2.580125
1154	-2.579818
1155	-2.579403
1156	-2.579062
1157	-2.579044
1158	-2.579127
1159	-2.579045
1160	-2.579034
1161	-2.579028
1162	-2.579064
1163	-2.579264
1164	-2.579257
1165	-2.579108
1166	-2.579276
1167	-2.579316
1168	-2.579167
1169	-2.57892
1170	-2.578426
1171	-2.57799
1172	-2.577635
1173	-2.577142
1174	-2.576688
1175	-2.576444
1176	-2.576071
1177	-2.57565
1178	-2.57535
1179	-2.57505
1180	-2.574704
1181	-2.57433
1182	-2.574008
1183	-2.573833
1184	-2.573473
1185	-2.573168
1186	-2.573261
1187	-2.573387
1188	-2.573646
1189	-2.573739
1190	-2.573774
1191	-2.573652
1192	-2.5737
1193	-2.573651
1194	-2.573326
1195	-2.572779
1196	-2.57214
1197	-2.571629
1198	-2.571033
1199	-2.570428
1200	-2.570092
1201	-2.570083
1202	-2.570037
1203	-2.57021
1204	-2.57022
1205	-2.570411
1206	-2.570539
1207	-2.570573
1208	-2.57057
1209	-2.570748
1210	-2.570886
1211	-2.571059
1212	-2.571484
1213	-2.571918
1214	-2.572631
1215	-2.573002
1216	-2.57317
1217	-2.573293
1218	-2.573275
1219	-2.573274
1220	-2.573419
1221	-2.573679
1222	-2.574096
1223	-2.574224
1224	-2.574572
1225	-2.574732
1226	-2.574773
1227	-2.574794
1228	-2.574954
1229	-2.575168
1230	-2.575441
1231	-2.57567
1232	-2.575913
1233	-2.576138
1234	-2.57646
1235	-2.576641
1236	-2.577108
1237	-2.577692
1238	-2.578264
1239	-2.578519
1240	-2.579152
1241	-2.579683
1242	-2.5797
1243	-2.579686
1244	-2.57974
1245	-2.579664
1246	-2.579589
1247	-2.579325
1248	-2.579211
1249	-2.579198
1250	-2.579134
1251	-2.579044
1252	-2.578953
1253	-2.578821
1254	-2.578969
1255	-2.578868
1256	-2.578593
1257	-2.578504
1258	-2.578516
1259	-2.578429
1260	-2.578624
1261	-2.578922
1262	-2.579014
1263	-2.579144
1264	-2.579318
1265	-2.57933
1266	-2.579487
1267	-2.579715
1268	-2.579968
1269	-2.580299
1270	-2.580779
1271	-2.581258
1272	-2.581545
1273	-2.581721
1274	-2.582028
1275	-2.58211
1276	-2.582045
1277	-2.581897
1278	-2.581793
1279	-2.58184
1280	-2.581752
1281	-2.581894
1282	-2.582164
1283	-2.582507
1284	-2.582397
1285	-2.582322
1286	-2.582234
1287	-2.582264
1288	-2.582234
1289	-2.581961
1290	-2.581804
1291	-2.581468
1292	-2.581018
1293	-2.580817
1294	-2.580768
1295	-2.580856
1296	-2.580594
1297	-2.580201
1298	-2.579936
1299	-2.579797
1300	-2.579817
1301	-2.579959
1302	-2.579853
1303	-2.579792
1304	-2.579664
1305	-2.579661
1306	-2.579803
1307	-2.580103
1308	-2.580334
1309	-2.580564
1310	-2.581002
1311	-2.581412
1312	-2.581895
1313	-2.582288
1314	-2.582586
1315	-2.582702
1316	-2.582751
1317	-2.582801
1318	-2.582871
1319	-2.582998
1320	-2.583074
1321	-2.583035
1322	-2.58302
1323	-2.583261
1324	-2.583576
1325	-2.58389
1326	-2.583991
1327	-2.584265
1328	-2.584499
1329	-2.584755
1330	-2.585012
1331	-2.585344
1332	-2.585695
1333	-2.585895
1334	-2.585831
1335	-2.585884
1336	-2.585633
1337	-2.585525
1338	-2.585427
1339	-2.585331
1340	-2.585326
1341	-2.585459
1342	-2.585591
1343	-2.585918
1344	-2.586191
1345	-2.586534
1346	-2.586746
1347	-2.587194
1348	-2.587626
1349	-2.58786
1350	-2.588165
1351	-2.588431
1352	-2.588566
1353	-2.588669
1354	-2.588933
1355	-2.589289
1356	-2.589789
1357	-2.59003
1358	-2.590181
1359	-2.590438
1360	-2.59044
1361	-2.590488
1362	-2.59067
1363	-2.59093
1364	-2.591463
1365	-2.591962
1366	-2.592317
1367	-2.592443
1368	-2.592599
1369	-2.592693
1370	-2.59276
1371	-2.59288
1372	-2.593177
1373	-2.593382
1374	-2.593659
1375	-2.593921
1376	-2.594267
1377	-2.594424
1378	-2.594584
1379	-2.594411
1380	-2.594403
1381	-2.594502
1382	-2.594654
1383	-2.59491
1384	-2.595203
1385	-2.595457
1386	-2.595731
1387	-2.595978
1388	-2.596249
1389	-2.596377
1390	-2.596449
1391	-2.596603
1392	-2.596989
1393	-2.597592
1394	-2.59824
1395	-2.59865
1396	-2.598725
1397	-2.598559
1398	-2.598159
1399	-2.59794
1400	-2.597741
1401	-2.597342
1402	-2.597215
1403	-2.596493
1404	-2.59589
1405	-2.595016
1406	-2.594619
1407	-2.594242
1408	-2.593698
1409	-2.593019
1410	-2.592756
1411	-2.592506
1412	-2.592263
1413	-2.59205
1414	-2.591795
1415	-2.59176
1416	-2.591682
1417	-2.591476
1418	-2.591451
1419	-2.591356
1420	-2.591468
1421	-2.591527
1422	-2.591797
1423	-2.591894
1424	-2.59201
1425	-2.592088
1426	-2.592003
1427	-2.592109
1428	-2.592233
1429	-2.591946
1430	-2.59198
1431	-2.591896
1432	-2.591771
1433	-2.591597
1434	-2.591557
1435	-2.591824
1436	-2.59193
1437	-2.591996
1438	-2.59192
1439	-2.591951
1440	-2.59191
1441	-2.591835
1442	-2.591824
1443	-2.591845
1444	-2.59177
1445	-2.591798
1446	-2.591803
1447	-2.591339
1448	-2.591074
1449	-2.591021
1450	-2.590994
1451	-2.591018
1452	-2.590991
1453	-2.590883
1454	-2.59082
1455	-2.590601
1456	-2.590539
1457	-2.590294
1458	-2.590085
1459	-2.589999
1460	-2.589926
1461	-2.589854
1462	-2.589895
1463	-2.589965
1464	-2.589894
1465	-2.589959
1466	-2.590011
1467	-2.590086
1468	-2.590165
1469	-2.590269
1470	-2.590062
1471	-2.58997
1472	-2.589918
1473	-2.589857
1474	-2.589796
1475	-2.589532
1476	-2.589338
1477	-2.588826
1478	-2.588238
1479	-2.587915
1480	-2.587649
1481	-2.587432
1482	-2.587188
1483	-2.587158
1484	-2.587099
1485	-2.587032
1486	-2.586964
1487	-2.587002
1488	-2.58705
1489	-2.586898
1490	-2.586797
1491	-2.586833
1492	-2.58699
1493	-2.587049
1494	-2.58701
1495	-2.586921
1496	-2.586691
1497	-2.586559
1498	-2.586472
1499	-2.586081
1500	-2.585897
1501	-2.585507
1502	-2.585339
1503	-2.585237
1504	-2.585114
1505	-2.584972
1506	-2.58451
1507	-2.584356
1508	-2.584345
1509	-2.584451
1510	-2.584376
1511	-2.584149
1512	-2.58414
1513	-2.584113
1514	-2.584019
1515	-2.583983
1516	-2.584012
1517	-2.583895
1518	-2.583484
1519	-2.583148
1520	-2.582694
1521	-2.582261
1522	-2.582299
1523	-2.582282
1524	-2.582282
1525	-2.582248
1526	-2.582036
1527	-2.581926
1528	-2.581816
1529	-2.582005
1530	-2.581995
1531	-2.582134
1532	-2.582351
1533	-2.582567
1534	-2.58247
1535	-2.582457
1536	-2.582524
1537	-2.582396
1538	-2.582113
1539	-2.582037
1540	-2.582105
1541	-2.582101
1542	-2.582091
1543	-2.582139
1544	-2.582194
1545	-2.582131
1546	-2.582098
1547	-2.581944
1548	-2.581616
1549	-2.581213
1550	-2.580769
1551	-2.580149
1552	-2.57957
1553	-2.579001
1554	-2.578603
1555	-2.578386
1556	-2.578379
1557	-2.578372
1558	-2.578311
1559	-2.578112
1560	-2.577955
1561	-2.577869
1562	-2.577914
1563	-2.577873
1564	-2.577884
1565	-2.577749
1566	-2.577855
1567	-2.5779
1568	-2.577932
1569	-2.578007
1570	-2.578074
1571	-2.578226
1572	-2.578157
1573	-2.578008
1574	-2.577814
1575	-2.577546
1576	-2.577279
1577	-2.57698
1578	-2.576751
1579	-2.576476
1580	-2.576162
1581	-2.57585
1582	-2.575433
1583	-2.57518
1584	-2.57491
1585	-2.574652
1586	-2.574403
1587	-2.573955
1588	-2.573571
1589	-2.573399
1590	-2.573254
1591	-2.57326
1592	-2.573295
1593	-2.573342
1594	-2.573412
1595	-2.573348
1596	-2.57313
1597	-2.573094
1598	-2.573003
1599	-2.57304
1600	-2.572939
1601	-2.572662
1602	-2.572592
1603	-2.572547
1604	-2.572702
1605	-2.573034
1606	-2.573199
1607	-2.573201
1608	-2.573114
1609	-2.573144
1610	-2.573219
1611	-2.573221
1612	-2.573303
1613	-2.573258
1614	-2.57319
1615	-2.573261
1616	-2.573456
1617	-2.57372
1618	-2.573807
1619	-2.573752
1620	-2.573547
1621	-2.573458
1622	-2.573298
1623	-2.573362
1624	-2.573379
1625	-2.573194
1626	-2.573171
1627	-2.573049
1628	-2.572918
1629	-2.572863
1630	-2.572926
1631	-2.573018
1632	-2.572858
1633	-2.572795
1634	-2.572661
1635	-2.572358
1636	-2.572149
1637	-2.571901
1638	-2.571814
1639	-2.571838
1640	-2.571942
1641	-2.571907
1642	-2.571762
1643	-2.571629
1644	-2.57164
1645	-2.571561
1646	-2.571586
1647	-2.571678
1648	-2.571562
1649	-2.571409
1650	-2.571329
1651	-2.571329
1652	-2.571649
1653	-2.571948
1654	-2.572187
1655	-2.572362
1656	-2.572531
1657	-2.572634
1658	-2.572619
1659	-2.572702
1660	-2.572715
1661	-2.572526
1662	-2.572332
1663	-2.572243
1664	-2.572039
1665	-2.571882
1666	-2.571821
1667	-2.571965
1668	-2.572328
1669	-2.572741
1670	-2.573013
1671	-2.57314
1672	-2.573335
1673	-2.573429
1674	-2.573579
1675	-2.573672
1676	-2.573761
1677	-2.573927
1678	-2.574008
1679	-2.574278
1680	-2.574568
1681	-2.574757
1682	-2.574884
1683	-2.575015
1684	-2.57502
1685	-2.575116
1686	-2.575176
1687	-2.575362
1688	-2.575569
1689	-2.576046
1690	-2.576348
1691	-2.576564
1692	-2.576696
1693	-2.576799
1694	-2.576812
1695	-2.576725
1696	-2.576556
1697	-2.576375
1698	-2.576198
1699	-2.576098
1700	-2.576053
1701	-2.576106
1702	-2.576309
1703	-2.57645
1704	-2.576541
1705	-2.576538
1706	-2.576441
1707	-2.576445
1708	-2.576225
1709	-2.576083
1710	-2.575795
1711	-2.575458
1712	-2.575414
1713	-2.575587
1714	-2.575834
1715	-2.575899
1716	-2.575866
1717	-2.575778
1718	-2.575708
1719	-2.575863
1720	-2.576069
1721	-2.576379
1722	-2.576585
1723	-2.576775
1724	-2.576952
1725	-2.576962
1726	-2.576941
1727	-2.576684
1728	-2.576505
1729	-2.576336
1730	-2.57611
1731	-2.575837
1732	-2.575764
1733	-2.575605
1734	-2.575293
1735	-2.575241
1736	-2.575188
1737	-2.575447
1738	-2.575662
1739	-2.575847
1740	-2.575738
1741	-2.575592
1742	-2.575703
1743	-2.57596
1744	-2.575948
1745	-2.576025
1746	-2.576072
1747	-2.576037
1748	-2.576061
1749	-2.57626
1750	-2.576233
1751	-2.576218
1752	-2.576174
1753	-2.576265
1754	-2.576383
1755	-2.576625
1756	-2.576723
1757	-2.576764
1758	-2.57684
1759	-2.576694
1760	-2.576659
1761	-2.576632
1762	-2.576613
1763	-2.576627
1764	-2.576409
1765	-2.576333
1766	-2.576323
1767	-2.576323
1768	-2.576242
1769	-2.575981
1770	-2.575995
1771	-2.576205
1772	-2.576399
1773	-2.576541
1774	-2.576607
1775	-2.576692
1776	-2.576945
1777	-2.577225
1778	-2.577493
1779	-2.57744
1780	-2.577453
1781	-2.577401
1782	-2.577623
1783	-2.577629
1784	-2.577618
1785	-2.577645
1786	-2.577521
1787	-2.577174
1788	-2.576944
1789	-2.576802
1790	-2.5765
1791	-2.576293
1792	-2.576022
1793	-2.575615
1794	-2.575437
1795	-2.575213
1796	-2.575219
1797	-2.57536
1798	-2.575517
1799	-2.575416
1800	-2.575341
1801	-2.575452
1802	-2.575765
1803	-2.575821
1804	-2.576106
1805	-2.576392
1806	-2.576727
1807	-2.577004
1808	-2.577269
1809	-2.577396
1810	-2.577512
1811	-2.577716
1812	-2.57777
1813	-2.577936
1814	-2.577975
1815	-2.57794
1816	-2.577889
1817	-2.577829
1818	-2.577828
1819	-2.577628
1820	-2.57737
1821	-2.577286
1822	-2.577086
1823	-2.576731
1824	-2.576524
1825	-2.576434
1826	-2.576275
1827	-2.576088
1828	-2.575812
1829	-2.575534
1830	-2.575553
1831	-2.575362
1832	-2.575175
1833	-2.574977
1834	-2.574664
1835	-2.574407
1836	-2.574199
1837	-2.574079
1838	-2.573992
1839	-2.573861
1840	-2.573572
1841	-2.573362
1842	-2.573422
1843	-2.573352
1844	-2.573388
1845	-2.573334
1846	-2.573407
1847	-2.573374
1848	-2.573277
1849	-2.573174
1850	-2.572929
1851	-2.5727
1852	-2.572203
1853	-2.571535
1854	-2.571047
1855	-2.570721
1856	-2.570511
1857	-2.570272
1858	-2.570226
1859	-2.570159
1860	-2.570058
1861	-2.57002
1862	-2.570042
1863	-2.569883
1864	-2.569815
1865	-2.569966
1866	-2.570167
1867	-2.57025
1868	-2.570272
1869	-2.570461
1870	-2.570703
1871	-2.571073
1872	-2.57152
1873	-2.571943
1874	-2.57237
1875	-2.572756
1876	-2.573009
1877	-2.573183
1878	-2.573446
1879	-2.573923
1880	-2.574268
1881	-2.574403
1882	-2.574489
1883	-2.574575
1884	-2.574479
1885	-2.574523
1886	-2.574443
1887	-2.574248
1888	-2.574115
1889	-2.573992
1890	-2.573976
1891	-2.573849
1892	-2.573887
1893	-2.574019
1894	-2.574089
1895	-2.574165
1896	-2.57425
1897	-2.57429
1898	-2.574427
1899	-2.574461
1900	-2.574571
1901	-2.574781
1902	-2.575094
1903	-2.575332
1904	-2.575441
1905	-2.575489
1906	-2.575482
1907	-2.575733
1908	-2.576051
1909	-2.576398
1910	-2.576507
1911	-2.576785
1912	-2.576963
1913	-2.577068
1914	-2.577128
1915	-2.577001
1916	-2.577042
1917	-2.577054
1918	-2.576915
1919	-2.576978
1920	-2.576984
1921	-2.577137
1922	-2.577016
1923	-2.57675
1924	-2.576516
1925	-2.576216
1926	-2.575852
1927	-2.57544
1928	-2.575018
1929	-2.574806
1930	-2.574529
1931	-2.574555
1932	-2.574509
1933	-2.574247
1934	-2.574101
1935	-2.573782
1936	-2.573562
1937	-2.573492
1938	-2.57339
1939	-2.573345
1940	-2.57327
1941	-2.57324
1942	-2.573122
1943	-2.57304
1944	-2.572884
1945	-2.572663
1946	-2.572515
1947	-2.57243
1948	-2.572256
1949	-2.572144
1950	-2.572056
1951	-2.571914
1952	-2.571891
1953	-2.571818
1954	-2.571749
1955	-2.571695
1956	-2.571573
1957	-2.571299
1958	-2.571172
1959	-2.570979
1960	-2.570761
1961	-2.570597
1962	-2.570553
1963	-2.570317
1964	-2.570117
1965	-2.569827
1966	-2.569574
1967	-2.569427
1968	-2.569307
1969	-2.569067
1970	-2.568931
1971	-2.56866
1972	-2.56839
1973	-2.568214
1974	-2.56796
1975	-2.567836
1976	-2.567616
1977	-2.567434
1978	-2.567053
1979	-2.566767
1980	-2.566417
1981	-2.565921
1982	-2.565475
1983	-2.565064
1984	-2.564667
1985	-2.564508
1986	-2.564483
1987	-2.564338
1988	-2.564297
1989	-2.564226
1990	-2.564232
1991	-2.564199
1992	-2.564114
1993	-2.564117
1994	-2.564113
1995	-2.564111
1996	-2.563884
1997	-2.563651
1998	-2.563494
1999	-2.563312
2000	-2.563171
2001	-2.563045
2002	-2.562838
2003	-2.56276
2004	-2.562744
2005	-2.562791
2006	-2.562909
2007	-2.563195
2008	-2.563413
2009	-2.563555
2010	-2.563538
2011	-2.563442
2012	-2.563393
2013	-2.563297
2014	-2.563037
2015	-2.562607
2016	-2.562217
2017	-2.561901
2018	-2.561832
2019	-2.561788
2020	-2.561663
2021	-2.561501
2022	-2.561266
2023	-2.560899
2024	-2.560551
2025	-2.560238
2026	-2.559979
2027	-2.559839
2028	-2.559674
2029	-2.55946
2030	-2.559184
2031	-2.558925
2032	-2.558786
2033	-2.558824
2034	-2.558788
2035	-2.558796
2036	-2.558915
2037	-2.559019
2038	-2.559182
2039	-2.559235
2040	-2.559328
2041	-2.559415
2042	-2.559355
2043	-2.559267
2044	-2.559135
2045	-2.559113
2046	-2.559019
2047	-2.558859
2048	-2.558853
2049	-2.558857
2050	-2.558735
2051	-2.558625
2052	-2.558486
2053	-2.558311
2054	-2.558095
2055	-2.557968
2056	-2.557881
2057	-2.55791
2058	-2.557992
2059	-2.558021
2060	-2.557936
2061	-2.557703
2062	-2.557449
2063	-2.557161
2064	-2.556891
2065	-2.556743
2066	-2.556456
2067	-2.556247
2068	-2.556013
2069	-2.55592
2070	-2.555955
2071	-2.556013
2072	-2.55616
2073	-2.556232
2074	-2.5563
2075	-2.556382
2076	-2.556319
2077	-2.556216
2078	-2.55612
2079	-2.55598
2080	-2.55573
2081	-2.555716
2082	-2.555845
2083	-2.555849
2084	-2.555929
2085	-2.555937
2086	-2.555929
2087	-2.556057
2088	-2.555992
2089	-2.555686
2090	-2.555557
2091	-2.555411
2092	-2.555459
2093	-2.555432
2094	-2.555235
2095	-2.55509
2096	-2.554768
2097	-2.554537
2098	-2.554231
2099	-2.55402
2100	-2.553717
2101	-2.5534
2102	-2.553102
2103	-2.55288
2104	-2.55277
2105	-2.55276
2106	-2.552742
2107	-2.552667
2108	-2.552764
2109	-2.552847
2110	-2.552814
2111	-2.552738
2112	-2.552587
2113	-2.552515
2114	-2.552434
2115	-2.552326
2116	-2.552332
2117	-2.552119
2118	-2.551877
2119	-2.551617
2120	-2.551457
2121	-2.551449
2122	-2.551356
2123	-2.551243
2124	-2.551113
2125	-2.550921
2126	-2.550962
2127	-2.551059
2128	-2.55109
2129	-2.551066
2130	-2.550954
2131	-2.55081
2132	-2.550779
2133	-2.550726
2134	-2.550504
2135	-2.550327
2136	-2.55021
2137	-2.550207
2138	-2.550153
2139	-2.550171
2140	-2.550295
2141	-2.550367
2142	-2.550461
2143	-2.550563
2144	-2.550684
2145	-2.550734
2146	-2.550805
2147	-2.550872
2148	-2.550795
2149	-2.550595
2150	-2.550283
2151	-2.550098
2152	-2.550067
2153	-2.549942
2154	-2.549826
2155	-2.5499
2156	-2.549917
2157	-2.549916
2158	-2.54995
2159	-2.549905
2160	-2.549978
2161	-2.550123
2162	-2.550127
2163	-2.55016
2164	-2.550331
2165	-2.550464
2166	-2.550717
2167	-2.5509
2168	-2.551046
2169	-2.551104
2170	-2.5511
2171	-2.551062
2172	-2.551115
2173	-2.551178
2174	-2.551183
2175	-2.5512
2176	-2.551243
2177	-2.551291
2178	-2.551288
2179	-2.551252
2180	-2.551446
2181	-2.551593
2182	-2.551674
2183	-2.551797
2184	-2.552002
2185	-2.552218
2186	-2.552324
2187	-2.552389
2188	-2.55232
2189	-2.552239
2190	-2.55223
2191	-2.55226
2192	-2.55219
2193	-2.552134
2194	-2.552083
2195	-2.552098
2196	-2.552168
2197	-2.552249
2198	-2.552252
2199	-2.552295
2200	-2.552571
2201	-2.552695
2202	-2.552832
2203	-2.552979
2204	-2.55316
2205	-2.55334
2206	-2.553406
2207	-2.553429
2208	-2.55343
2209	-2.553361
2210	-2.553251
2211	-2.553234
2212	-2.553224
2213	-2.553257
2214	-2.553331
2215	-2.553273
2216	-2.553057
2217	-2.553051
2218	-2.553014
2219	-2.553056
2220	-2.553093
2221	-2.553084
2222	-2.55312
2223	-2.553141
2224	-2.553063
2225	-2.553
2226	-2.552951
2227	-2.552962
2228	-2.552921
2229	-2.552905
2230	-2.552993
2231	-2.553085
2232	-2.553157
2233	-2.55316
2234	-2.553197
2235	-2.553248
2236	-2.55352
2237	-2.553773
2238	-2.554005
2239	-2.554215
2240	-2.554391
2241	-2.554555
2242	-2.554561
2243	-2.55455
2244	-2.554587
2245	-2.554637
2246	-2.554733
2247	-2.554774
2248	-2.55465
2249	-2.554551
2250	-2.554397
2251	-2.554366
2252	-2.554235
2253	-2.554071
2254	-2.553995
2255	-2.55386
2256	-2.553807
2257	-2.553803
2258	-2.553824
2259	-2.553847
2260	-2.553809
2261	-2.55377
2262	-2.553699
2263	-2.55372
2264	-2.553904
2265	-2.55414
2266	-2.554337
2267	-2.554474
2268	-2.55467
2269	-2.554961
2270	-2.555202
2271	-2.555285
2272	-2.555261
2273	-2.555207
2274	-2.555175
2275	-2.555063
2276	-2.554922
2277	-2.554795
2278	-2.554657
2279	-2.554535
2280	-2.554576
2281	-2.554572
2282	-2.554594
2283	-2.554488
2284	-2.554344
2285	-2.554215
2286	-2.554153
2287	-2.554093
2288	-2.554077
2289	-2.55413
2290	-2.554268
2291	-2.554264
2292	-2.554284
2293	-2.554249
2294	-2.554294
2295	-2.55427
2296	-2.554452
2297	-2.554606
2298	-2.554764
2299	-2.554944
2300	-2.555099
2301	-2.555122
2302	-2.555175
2303	-2.555236
2304	-2.555406
2305	-2.555524
2306	-2.555606
2307	-2.555693
2308	-2.555789
2309	-2.555778
2310	-2.55585
2311	-2.556021
2312	-2.556052
2313	-2.555968
2314	-2.555987
2315	-2.555963
2316	-2.555984
2317	-2.556028
2318	-2.555862
2319	-2.555762
2320	-2.555467
2321	-2.555358
2322	-2.555366
2323	-2.555439
2324	-2.555566
2325	-2.555667
2326	-2.555869
2327	-2.555978
2328	-2.556158
2329	-2.556473
2330	-2.556536
2331	-2.556553
2332	-2.556586
2333	-2.556766
2334	-2.556977
2335	-2.557156
2336	-2.557191
2337	-2.557066
2338	-2.556882
2339	-2.556703
2340	-2.556481
2341	-2.55635
2342	-2.556223
2343	-2.556146
2344	-2.55607
2345	-2.555947
2346	-2.555848
2347	-2.555639
2348	-2.555482
2349	-2.555459
2350	-2.555415
2351	-2.555516
2352	-2.555464
2353	-2.555245
2354	-2.555255
2355	-2.555232
2356	-2.555239
2357	-2.555215
2358	-2.555447
2359	-2.555674
2360	-2.555873
2361	-2.556084
2362	-2.556342
2363	-2.556479
2364	-2.556564
2365	-2.556562
2366	-2.556621
2367	-2.556712
2368	-2.556831
2369	-2.55686
2370	-2.556868
2371	-2.557088
2372	-2.557239
2373	-2.557268
2374	-2.557237
2375	-2.55722
2376	-2.557252
2377	-2.55729
2378	-2.557165
2379	-2.557011
2380	-2.556842
2381	-2.556678
2382	-2.556459
2383	-2.556304
2384	-2.555966
2385	-2.555569
2386	-2.555179
2387	-2.554915
2388	-2.554755
2389	-2.554738
2390	-2.554789
2391	-2.554876
2392	-2.554904
2393	-2.554972
2394	-2.555056
2395	-2.555111
2396	-2.554995
2397	-2.554806
2398	-2.554527
2399	-2.554337
2400	-2.554309
2401	-2.554233
2402	-2.554216
2403	-2.554027
2404	-2.553936
2405	-2.553745
2406	-2.553671
2407	-2.553575
2408	-2.553359
2409	-2.553096
2410	-2.552926
2411	-2.552846
2412	-2.55278
2413	-2.552716
2414	-2.552677
2415	-2.552739
2416	-2.552758
2417	-2.552718
2418	-2.552709
2419	-2.552687
2420	-2.552738
2421	-2.552695
2422	-2.55275
2423	-2.552748
2424	-2.552667
2425	-2.552616
2426	-2.552624
2427	-2.552451
2428	-2.552389
2429	-2.552361
2430	-2.552285
2431	-2.552171
2432	-2.552149
2433	-2.552215
2434	-2.552302
2435	-2.552185
2436	-2.552104
2437	-2.552196
2438	-2.552274
2439	-2.552185
2440	-2.552163
2441	-2.552154
2442	-2.552103
2443	-2.552089
2444	-2.551954
2445	-2.551878
2446	-2.551734
2447	-2.551539
2448	-2.551454
2449	-2.551433
2450	-2.551371
2451	-2.55135
2452	-2.55138
2453	-2.551552
2454	-2.551839
2455	-2.552099
2456	-2.552343
2457	-2.552525
2458	-2.552649
2459	-2.552796
2460	-2.552906
2461	-2.552878
2462	-2.552682
2463	-2.552633
2464	-2.552637
2465	-2.552652
2466	-2.552698
2467	-2.552706
2468	-2.552718
2469	-2.552828
2470	-2.552852
2471	-2.55289
2472	-2.552959
2473	-2.55296
2474	-2.55295
2475	-2.552909
2476	-2.552906
2477	-2.552885
2478	-2.552801
2479	-2.552727
2480	-2.552777
2481	-2.552853
2482	-2.553003
2483	-2.553033
2484	-2.552894
2485	-2.552731
2486	-2.552454
2487	-2.552151
2488	-2.551914
2489	-2.551605
2490	-2.551333
2491	-2.551028
2492	-2.550898
2493	-2.550724
2494	-2.550738
2495	-2.550836
2496	-2.550894
2497	-2.551063
2498	-2.551148
2499	-2.551349
2500	-2.551592
2501	-2.551827
2502	-2.552048
2503	-2.552184
2504	-2.55226
2505	-2.552233
2506	-2.552112
2507	-2.552073
2508	-2.552047
2509	-2.552051
2510	-2.551886
2511	-2.551711
2512	-2.551587
2513	-2.551396
2514	-2.551273
2515	-2.55112
2516	-2.550901
2517	-2.550709
2518	-2.550797
2519	-2.550935
2520	-2.550956
2521	-2.551002
2522	-2.551052
2523	-2.55111
2524	-2.55104
2525	-2.551008
2526	-2.550982
2527	-2.551074
2528	-2.551161
2529	-2.551178
2530	-2.551152
2531	-2.551125
2532	-2.551056
2533	-2.550865
2534	-2.550742
2535	-2.550637
2536	-2.550599
2537	-2.550506
2538	-2.550631
2539	-2.550776
2540	-2.550908
2541	-2.551073
2542	-2.551381
2543	-2.551586
2544	-2.551781
2545	-2.551947
2546	-2.552114
2547	-2.55228
2548	-2.552301
2549	-2.552291
2550	-2.552252
2551	-2.552021
2552	-2.552022
2553	-2.552046
2554	-2.551918
2555	-2.551903
2556	-2.551916
2557	-2.551957
2558	-2.551867
2559	-2.551772
2560	-2.551702
2561	-2.551627
2562	-2.551573
2563	-2.551415
2564	-2.551252
2565	-2.551124
2566	-2.550982
2567	-2.550829
2568	-2.550783
2569	-2.550719
2570	-2.55065
2571	-2.550706
2572	-2.550786
2573	-2.55095
2574	-2.551085
2575	-2.551193
2576	-2.551413
2577	-2.551659
2578	-2.551934
2579	-2.552088
2580	-2.552152
2581	-2.552155
2582	-2.552147
2583	-2.552153
2584	-2.552207
2585	-2.552237
2586	-2.552217
2587	-2.552106
2588	-2.552133
2589	-2.552113
2590	-2.552104
2591	-2.552089
2592	-2.551964
2593	-2.551823
2594	-2.55161
2595	-2.551596
2596	-2.551629
2597	-2.551615
2598	-2.551584
2599	-2.551615
2600	-2.551743
2601	-2.551867
2602	-2.551958
2603	-2.552043
2604	-2.552005
2605	-2.551873
2606	-2.551864
2607	-2.551901
2608	-2.55193
2609	-2.552004
2610	-2.55204
2611	-2.552014
2612	-2.55203
2613	-2.552123
2614	-2.552224
2615	-2.552395
2616	-2.552602
2617	-2.552732
2618	-2.5528
2619	-2.552635
2620	-2.552513
2621	-2.552525
2622	-2.552572
2623	-2.552533
2624	-2.552428
2625	-2.552365
2626	-2.552309
2627	-2.552099
2628	-2.552085
2629	-2.552053
2630	-2.552145
2631	-2.552212
2632	-2.552143
2633	-2.552175
2634	-2.552286
2635	-2.552447
2636	-2.552479
2637	-2.552512
2638	-2.552541
2639	-2.552515
2640	-2.552458
2641	-2.55239
2642	-2.552359
2643	-2.552362
2644	-2.552192
2645	-2.551983
2646	-2.551775
2647	-2.55175
2648	-2.55183
2649	-2.551913
2650	-2.551952
2651	-2.551958
2652	-2.55188
2653	-2.551794
2654	-2.551661
2655	-2.551492
2656	-2.551461
2657	-2.551482
2658	-2.551598
2659	-2.551731
2660	-2.551933
2661	-2.552143
2662	-2.55237
2663	-2.552472
2664	-2.55265
2665	-2.552755
2666	-2.552768
2667	-2.552663
2668	-2.552627
2669	-2.552447
2670	-2.552298
2671	-2.552091
2672	-2.551936
2673	-2.551698
2674	-2.551621
2675	-2.551527
2676	-2.551417
2677	-2.551241
2678	-2.55114
2679	-2.550971
2680	-2.551011
2681	-2.551054
2682	-2.551041
2683	-2.550935
2684	-2.550885
2685	-2.550841
2686	-2.550874
2687	-2.55085
2688	-2.550588
2689	-2.550299
2690	-2.550094
2691	-2.550025
2692	-2.550006
2693	-2.549988
2694	-2.54993
2695	-2.549958
2696	-2.549956
2697	-2.550015
2698	-2.549966
2699	-2.550035
2700	-2.550109
2701	-2.550133
2702	-2.550057
2703	-2.549998
2704	-2.5499
2705	-2.549947
2706	-2.549884
2707	-2.549942
2708	-2.550044
2709	-2.55009
2710	-2.550143
2711	-2.550183
2712	-2.550241
2713	-2.550266
2714	-2.550309
2715	-2.550258
2716	-2.550203
2717	-2.550154
2718	-2.550157
2719	-2.550138
2720	-2.550059
2721	-2.549998
2722	-2.549935
2723	-2.549882
2724	-2.549728
2725	-2.549432
2726	-2.549268
2727	-2.549128
2728	-2.549073
2729	-2.549077
2730	-2.549032
2731	-2.548844
2732	-2.548656
2733	-2.548518
2734	-2.548412
2735	-2.548266
2736	-2.548151
2737	-2.547965
2738	-2.547803
2739	-2.547702
2740	-2.547585
2741	-2.547612
2742	-2.547639
2743	-2.547543
2744	-2.54752
2745	-2.547421
2746	-2.547234
2747	-2.547163
2748	-2.547151
2749	-2.547154
2750	-2.547125
2751	-2.547023
2752	-2.546968
2753	-2.547088
2754	-2.547124
2755	-2.547112
2756	-2.547095
2757	-2.547018
2758	-2.546988
2759	-2.546989
2760	-2.546928
2761	-2.546851
2762	-2.546744
2763	-2.546634
2764	-2.546597
2765	-2.546528
2766	-2.54644
2767	-2.546501
2768	-2.546387
2769	-2.546146
2770	-2.545902
2771	-2.545665
2772	-2.545453
2773	-2.545283
2774	-2.545087
2775	-2.544807
2776	-2.544635
2777	-2.544614
2778	-2.544559
2779	-2.544528
2780	-2.544552
2781	-2.544424
2782	-2.544262
2783	-2.5441
2784	-2.544007
2785	-2.543876
2786	-2.543759
2787	-2.543615
2788	-2.543447
2789	-2.543371
2790	-2.543329
2791	-2.543286
2792	-2.543178
2793	-2.543095
2794	-2.542962
2795	-2.542867
2796	-2.542744
2797	-2.542639
2798	-2.542306
2799	-2.542063
2800	-2.54181
2801	-2.541585
2802	-2.541542
2803	-2.541532
2804	-2.541543
2805	-2.541528
2806	-2.541478
2807	-2.541427
2808	-2.541454
2809	-2.541434
2810	-2.541497
2811	-2.541585
2812	-2.541598
2813	-2.541515
2814	-2.541367
2815	-2.541261
2816	-2.541154
2817	-2.541068
2818	-2.541105
2819	-2.541172
2820	-2.541288
2821	-2.541311
2822	-2.541291
2823	-2.541217
2824	-2.541161
2825	-2.541141
2826	-2.541109
2827	-2.541126
2828	-2.541261
2829	-2.541379
2830	-2.541532
2831	-2.541573
2832	-2.541642
2833	-2.541701
2834	-2.541732
2835	-2.541817
2836	-2.541931
2837	-2.542039
2838	-2.5421
2839	-2.542286
2840	-2.542384
2841	-2.542595
2842	-2.542661
2843	-2.542587
2844	-2.542572
2845	-2.542596
2846	-2.54266
2847	-2.542783
2848	-2.542763
2849	-2.542726
2850	-2.542644
2851	-2.542699
2852	-2.542667
2853	-2.542611
2854	-2.542528
2855	-2.542564
2856	-2.542521
2857	-2.542399
2858	-2.542146
2859	-2.54194
2860	-2.54178
2861	-2.541707
2862	-2.541578
2863	-2.541447
2864	-2.541362
2865	-2.541243
2866	-2.541182
2867	-2.541087
2868	-2.541149
2869	-2.54111
2870	-2.541113
2871	-2.541175
2872	-2.541088
2873	-2.541156
2874	-2.541224
2875	-2.541287
2876	-2.541438
2877	-2.541482
2878	-2.541513
2879	-2.541433
2880	-2.541312
2881	-2.541152
2882	-2.541093
2883	-2.541008
2884	-2.540907
2885	-2.540755
2886	-2.540555
2887	-2.540535
2888	-2.540515
2889	-2.540515
2890	-2.540521
2891	-2.540487
2892	-2.540453
2893	-2.540434
2894	-2.540283
2895	-2.54013
2896	-2.540048
2897	-2.539973
2898	-2.539959
2899	-2.539955
2900	-2.539904
2901	-2.539921
2902	-2.539958
2903	-2.539982
2904	-2.539964
2905	-2.540001
2906	-2.540042
2907	-2.540076
2908	-2.540138
2909	-2.540152
2910	-2.540164
2911	-2.540185
2912	-2.540257
2913	-2.540286
2914	-2.540268
2915	-2.540335
2916	-2.540402
2917	-2.540339
2918	-2.540291
2919	-2.540258
2920	-2.540249
2921	-2.54025
2922	-2.540231
2923	-2.540211
2924	-2.540176
2925	-2.540259
2926	-2.540338
2927	-2.540356
2928	-2.540279
2929	-2.540306
2930	-2.540343
2931	-2.540456
2932	-2.540502
2933	-2.540607
2934	-2.540745
2935	-2.540944
2936	-2.541118
2937	-2.541291
2938	-2.541482
2939	-2.541578
2940	-2.541584
2941	-2.541534
2942	-2.541503
2943	-2.541606
2944	-2.541637
2945	-2.541634
2946	-2.541799
2947	-2.541895
2948	-2.541971
2949	-2.542016
2950	-2.542123
2951	-2.54223
2952	-2.542293
2953	-2.542345
2954	-2.542361
2955	-2.542359
2956	-2.542499
2957	-2.542606
2958	-2.54267
2959	-2.542709
2960	-2.542775
2961	-2.542708
2962	-2.542737
2963	-2.5428
2964	-2.542814
2965	-2.54279
2966	-2.542668
2967	-2.542577
2968	-2.542568
2969	-2.542563
2970	-2.542524
2971	-2.542553
2972	-2.542483
2973	-2.542514
2974	-2.542479
2975	-2.542489
2976	-2.542561
2977	-2.54259
2978	-2.542662
2979	-2.542687
2980	-2.542682
2981	-2.542811
2982	-2.54288
2983	-2.542943
2984	-2.542918
2985	-2.542842
2986	-2.542788
2987	-2.542721
2988	-2.542718
2989	-2.542655
2990	-2.542612
2991	-2.542597
2992	-2.542583
2993	-2.542506
2994	-2.54246
2995	-2.542339
2996	-2.542182
2997	-2.542112
2998	-2.542167
2999	-2.542229
3000	-2.542215
3001	-2.542099
3002	-2.541918
3003	-2.541816
3004	-2.541802
3005	-2.541809
3006	-2.541811
3007	-2.541776
3008	-2.541801
3009	-2.54188
3010	-2.542003
3011	-2.54218
3012	-2.542289
3013	-2.542514
3014	-2.542764
3015	-2.543045
3016	-2.543299
3017	-2.543441
3018	-2.543574
3019	-2.543716
3020	-2.543839
3021	-2.543966
3022	-2.54414
3023	-2.544219
3024	-2.544292
3025	-2.544468
3026	-2.544528
3027	-2.544599
3028	-2.544605
3029	-2.544701
3030	-2.544852
3031	-2.544907
3032	-2.544845
3033	-2.544876
3034	-2.544974
3035	-2.545077
3036	-2.545134
3037	-2.545284
3038	-2.54545
3039	-2.54559
3040	-2.545749
3041	-2.545848
3042	-2.545888
3043	-2.546
3044	-2.546097
3045	-2.546127
3046	-2.546137
3047	-2.546135
3048	-2.546106
3049	-2.545989
3050	-2.545933
3051	-2.545831
3052	-2.545724
3053	-2.545594
3054	-2.54554
3055	-2.54545
3056	-2.545445
3057	-2.545514
3058	-2.545537
3059	-2.545552
3060	-2.545562
3061	-2.545557
3062	-2.545587
3063	-2.545635
3064	-2.545716
3065	-2.54584
3066	-2.545894
3067	-2.545856
3068	-2.545898
3069	-2.545869
3070	-2.545836
3071	-2.545794
3072	-2.545708
3073	-2.54571
3074	-2.545627
3075	-2.545567
3076	-2.545552
3077	-2.545526
3078	-2.545474
3079	-2.545425
3080	-2.545386
3081	-2.545428
3082	-2.545451
3083	-2.5455
3084	-2.545602
3085	-2.545652
3086	-2.545685
3087	-2.545701
3088	-2.545718
3089	-2.545724
3090	-2.54551
3091	-2.545347
3092	-2.545184
3093	-2.545033
3094	-2.544879
3095	-2.544715
3096	-2.54471
3097	-2.544728
3098	-2.544799
3099	-2.544804
3100	-2.544746
3101	-2.544613
3102	-2.544438
3103	-2.544322
3104	-2.544234
3105	-2.544177
3106	-2.544153
3107	-2.544221
3108	-2.544212
3109	-2.544257
3110	-2.544287
3111	-2.544283
3112	-2.544208
3113	-2.544189
3114	-2.544164
3115	-2.544108
3116	-2.54404
3117	-2.544016
3118	-2.54403
3119	-2.544056
3120	-2.544062
3121	-2.544053
3122	-2.544138
3123	-2.544185
3124	-2.544244
3125	-2.544184
3126	-2.54413
3127	-2.544133
3128	-2.544056
3129	-2.544037
3130	-2.543875
3131	-2.543847
3132	-2.543875
3133	-2.543801
3134	-2.543799
3135	-2.543785
3136	-2.543757
3137	-2.543704
3138	-2.543641
3139	-2.543542
3140	-2.543428
3141	-2.543328
3142	-2.543216
3143	-2.543203
3144	-2.543179
3145	-2.543127
3146	-2.543064
3147	-2.543094
3148	-2.542957
3149	-2.542713
3150	-2.542562
3151	-2.542343
3152	-2.54216
3153	-2.542008
3154	-2.541867
3155	-2.541923
3156	-2.542029
3157	-2.542006
3158	-2.541998
3159	-2.542028
3160	-2.542062
3161	-2.542034
3162	-2.542068
3163	-2.54223
3164	-2.542414
3165	-2.542503
3166	-2.542566
3167	-2.542599
3168	-2.542711
3169	-2.542838
3170	-2.543007
3171	-2.543209
3172	-2.543376
3173	-2.543488
3174	-2.543572
3175	-2.543635
3176	-2.543626
3177	-2.54367
3178	-2.543723
3179	-2.543858
3180	-2.544017
3181	-2.544116
3182	-2.544023
3183	-2.54398
3184	-2.543858
3185	-2.543673
3186	-2.543526
3187	-2.543421
3188	-2.543263
3189	-2.54322
3190	-2.54312
3191	-2.543017
3192	-2.543055
3193	-2.543023
3194	-2.54301
3195	-2.543038
3196	-2.542991
3197	-2.542864
3198	-2.542715
3199	-2.542604
3200	-2.542532
3201	-2.542497
3202	-2.542504
3203	-2.542564
3204	-2.542653
3205	-2.542626
3206	-2.542674
3207	-2.542665
3208	-2.542839
3209	-2.542849
3210	-2.542878
3211	-2.542976
3212	-2.543025
3213	-2.542985
3214	-2.542837
3215	-2.542681
3216	-2.542497
3217	-2.542395
3218	-2.542267
3219	-2.542136
3220	-2.54198
3221	-2.541812
3222	-2.541759
3223	-2.541741
3224	-2.54168
3225	-2.541634
3226	-2.541579
3227	-2.541374
3228	-2.541313
3229	-2.541318
3230	-2.541417
3231	-2.541533
3232	-2.541479
3233	-2.541415
3234	-2.541436
3235	-2.541447
3236	-2.5415
3237	-2.54153
3238	-2.541427
3239	-2.541304
3240	-2.541225
3241	-2.541124
3242	-2.540997
3243	-2.540913
3244	-2.540804
3245	-2.540671
3246	-2.540529
3247	-2.540442
3248	-2.540396
3249	-2.540342
3250	-2.540291
3251	-2.540159
3252	-2.540102
3253	-2.539859
3254	-2.539724
3255	-2.539569
3256	-2.539561
3257	-2.539589
3258	-2.539617
3259	-2.539745
3260	-2.539829
3261	-2.539813
3262	-2.539716
3263	-2.539514
3264	-2.539402
3265	-2.539237
3266	-2.539083
3267	-2.539001
3268	-2.538959
3269	-2.538892
3270	-2.538816
3271	-2.538762
3272	-2.538769
3273	-2.538762
3274	-2.538793
3275	-2.538873
3276	-2.538951
3277	-2.539068
3278	-2.539171
3279	-2.539226
3280	-2.539177
3281	-2.539118
3282	-2.538987
3283	-2.538858
3284	-2.5388
3285	-2.538764
3286	-2.538787
3287	-2.538853
3288	-2.538961
3289	-2.539071
3290	-2.539115
3291	-2.539188
3292	-2.539213
3293	-2.539242
3294	-2.539247
3295	-2.539202
3296	-2.539136
3297	-2.539012
3298	-2.538936
3299	-2.538868
3300	-2.538856
3301	-2.538875
3302	-2.538967
3303	-2.538985
3304	-2.538954
3305	-2.538875
3306	-2.538863
3307	-2.538958
3308	-2.539028
3309	-2.539207
3310	-2.539392
3311	-2.539538
3312	-2.539605
3313	-2.539626
3314	-2.539706
3315	-2.539837
3316	-2.539953
3317	-2.540033
3318	-2.540172
3319	-2.54025
3320	-2.540251
3321	-2.540278
3322	-2.540209
3323	-2.54018
3324	-2.540104
3325	-2.539999
3326	-2.539999
3327	-2.540029
3328	-2.540027
3329	-2.540092
3330	-2.54017
3331	-2.540277
3332	-2.540422
3333	-2.540457
3334	-2.540579
3335	-2.540644
3336	-2.540671
3337	-2.540625
3338	-2.540596
3339	-2.540583
3340	-2.540627
3341	-2.540675
3342	-2.540693
3343	-2.540715
3344	-2.540773
3345	-2.54088
3346	-2.541077
3347	-2.541296
3348	-2.541441
3349	-2.541592
3350	-2.54175
3351	-2.541921
3352	-2.542132
3353	-2.542283
3354	-2.542427
3355	-2.542494
3356	-2.542558
3357	-2.542602
3358	-2.5425
3359	-2.542434
3360	-2.542395
3361	-2.542333
3362	-2.542301
3363	-2.542264
3364	-2.54226
3365	-2.542205
3366	-2.542205
3367	-2.542245
3368	-2.542294
3369	-2.542225
3370	-2.542196
3371	-2.542122
3372	-2.542113
3373	-2.542075
3374	-2.542038
3375	-2.542003
3376	-2.542013
3377	-2.54197
3378	-2.542007
3379	-2.54217
3380	-2.542371
3381	-2.542611
3382	-2.542768
3383	-2.542919
3384	-2.543061
3385	-2.543157
3386	-2.54327
3387	-2.543279
3388	-2.54323
3389	-2.543263
3390	-2.543196
3391	-2.543109
3392	-2.543044
3393	-2.542992
3394	-2.54295
3395	-2.542891
3396	-2.542895
3397	-2.542845
3398	-2.542763
3399	-2.542704
3400	-2.542639
3401	-2.542457
3402	-2.542308
3403	-2.542149
3404	-2.542066
3405	-2.541948
3406	-2.541956
3407	-2.541901
3408	-2.541792
3409	-2.541717
3410	-2.54169
3411	-2.541621
3412	-2.541538
3413	-2.541509
3414	-2.541543
3415	-2.541553
3416	-2.541536
3417	-2.541471
3418	-2.541474
3419	-2.541497
3420	-2.541481
3421	-2.541364
3422	-2.541217
3423	-2.541081
3424	-2.540998
3425	-2.540925
3426	-2.540886
3427	-2.540778
3428	-2.540652
3429	-2.540664
3430	-2.54064
3431	-2.540726
3432	-2.54068
3433	-2.540704
3434	-2.540761
3435	-2.540749
3436	-2.540764
3437	-2.540772
3438	-2.540725
3439	-2.54068
3440	-2.540639
3441	-2.540632
3442	-2.540752
3443	-2.540878
3444	-2.540884
3445	-2.540863
3446	-2.540789
3447	-2.540702
3448	-2.540657
3449	-2.540597
3450	-2.540407
3451	-2.540216
3452	-2.540001
3453	-2.539857
3454	-2.539711
3455	-2.539667
3456	-2.539611
3457	-2.539638
3458	-2.539595
3459	-2.539532
3460	-2.539582
3461	-2.539621
3462	-2.539614
3463	-2.539636
3464	-2.539697
3465	-2.539806
3466	-2.53984
3467	-2.539823
3468	-2.539839
3469	-2.539869
3470	-2.539892
3471	-2.539822
3472	-2.539932
3473	-2.539983
3474	-2.540073
3475	-2.540219
3476	-2.54037
3477	-2.540502
3478	-2.540641
3479	-2.540804
3480	-2.541034
3481	-2.541159
3482	-2.541311
3483	-2.54145
3484	-2.541611
3485	-2.541802
3486	-2.542013
3487	-2.542103
3488	-2.542292
3489	-2.542403
3490	-2.542513
3491	-2.542658
3492	-2.542759
3493	-2.54291
3494	-2.542963
3495	-2.54308
3496	-2.543239
3497	-2.543267
3498	-2.543278
3499	-2.543215
3500	-2.543124
3501	-2.543076
3502	-2.543023
3503	-2.542917
3504	-2.542867
3505	-2.542845
3506	-2.542863
3507	-2.542935
3508	-2.542968
3509	-2.542941
3510	-2.542961
3511	-2.542967
3512	-2.543042
3513	-2.54304
3514	-2.543053
3515	-2.543076
3516	-2.543084
3517	-2.543083
3518	-2.543104
3519	-2.543156
3520	-2.543143
3521	-2.543056
3522	-2.54304
3523	-2.54307
3524	-2.543102
3525	-2.543187
3526	-2.543331
3527	-2.543467
3528	-2.543575
3529	-2.543605
3530	-2.543596
3531	-2.543502
3532	-2.543417
3533	-2.543352
3534	-2.543279
3535	-2.543186
3536	-2.543218
3537	-2.543237
3538	-2.543269
3539	-2.543339
3540	-2.543369
3541	-2.543306
3542	-2.543347
3543	-2.543334
3544	-2.543327
3545	-2.543375
3546	-2.543439
3547	-2.543568
3548	-2.543669
3549	-2.543716
3550	-2.543672
3551	-2.543651
3552	-2.543585
3553	-2.54355
3554	-2.543497
3555	-2.543376
3556	-2.543283
3557	-2.543192
3558	-2.543259
3559	-2.543315
3560	-2.543388
3561	-2.543555
3562	-2.543738
3563	-2.543794
3564	-2.543848
3565	-2.54388
3566	-2.543876
3567	-2.543794
3568	-2.543754
3569	-2.543578
3570	-2.543449
3571	-2.543319
3572	-2.543237
3573	-2.543247
3574	-2.543247
3575	-2.543207
3576	-2.543195
3577	-2.543146
3578	-2.543165
3579	-2.543165
3580	-2.543156
3581	-2.543126
3582	-2.543147
3583	-2.543122
3584	-2.54311
3585	-2.543046
3586	-2.542996
3587	-2.542893
3588	-2.542778
3589	-2.542716
3590	-2.542655
3591	-2.542534
3592	-2.542497
3593	-2.542457
3594	-2.542478
3595	-2.542453
3596	-2.542478
3597	-2.542569
3598	-2.542601
3599	-2.54272
3600	-2.542788
3601	-2.542898
3602	-2.542987
3603	-2.543034
3604	-2.542893
3605	-2.542704
3606	-2.542554
3607	-2.542404
3608	-2.542264
3609	-2.542144
3610	-2.542077
3611	-2.542049
3612	-2.542024
3613	-2.542059
3614	-2.542043
3615	-2.542021
3616	-2.542134
3617	-2.542332
3618	-2.542504
3619	-2.542589
3620	-2.542735
3621	-2.54288
3622	-2.542963
3623	-2.542987
3624	-2.543021
3625	-2.542952
3626	-2.542839
3627	-2.542814
3628	-2.542811
3629	-2.54283
3630	-2.54281
3631	-2.542807
3632	-2.542818
3633	-2.542806
3634	-2.542819
3635	-2.542779
3636	-2.542806
3637	-2.542822
3638	-2.542848
3639	-2.542818
3640	-2.542876
3641	-2.543002
3642	-2.543055
3643	-2.543112
3644	-2.543223
3645	-2.543326
3646	-2.543384
3647	-2.543489
3648	-2.543512
3649	-2.543503
3650	-2.543537
3651	-2.543594
3652	-2.543738
3653	-2.543804
3654	-2.543881
3655	-2.543855
3656	-2.54375
3657	-2.543675
3658	-2.543637
3659	-2.543654
3660	-2.543734
3661	-2.543765
3662	-2.543705
3663	-2.543701
3664	-2.543745
3665	-2.543694
3666	-2.543703
3667	-2.543747
3668	-2.543781
3669	-2.543764
3670	-2.543752
3671	-2.543766
3672	-2.543841
3673	-2.543917
3674	-2.543961
3675	-2.544034
3676	-2.544018
3677	-2.544059
3678	-2.544097
3679	-2.544202
3680	-2.544312
3681	-2.544304
3682	-2.544362
3683	-2.544385
3684	-2.544406
3685	-2.544523
3686	-2.544678
3687	-2.544866
3688	-2.54499
3689	-2.545113
3690	-2.545293
3691	-2.545484
3692	-2.545639
3693	-2.545755
3694	-2.545828
3695	-2.54589
3696	-2.546006
3697	-2.546113
3698	-2.546131
3699	-2.546169
3700	-2.54618
3701	-2.546123
3702	-2.546083
3703	-2.546006
3704	-2.545915
3705	-2.545941
3706	-2.545988
3707	-2.546097
3708	-2.546319
3709	-2.54654
3710	-2.546669
3711	-2.546727
3712	-2.546788
3713	-2.546793
3714	-2.546927
3715	-2.54698
3716	-2.546976
3717	-2.547055
3718	-2.546995
3719	-2.546974
3720	-2.546981
3721	-2.54701
3722	-2.546989
3723	-2.546943
3724	-2.546875
3725	-2.546824
3726	-2.546792
3727	-2.546822
3728	-2.546821
3729	-2.54675
3730	-2.546698
3731	-2.546644
3732	-2.546664
3733	-2.546691
3734	-2.546686
3735	-2.546786
3736	-2.546871
3737	-2.546887
3738	-2.546833
3739	-2.54682
3740	-2.546823
3741	-2.54678
3742	-2.546747
3743	-2.546827
3744	-2.546836
3745	-2.546898
3746	-2.546999
3747	-2.547054
3748	-2.547141
3749	-2.54728
3750	-2.547413
3751	-2.547426
3752	-2.547403
3753	-2.547354
3754	-2.547371
3755	-2.547374
3756	-2.547434
3757	-2.547574
3758	-2.547632
3759	-2.547644
3760	-2.547714
3761	-2.547841
3762	-2.547934
3763	-2.548021
3764	-2.548015
3765	-2.548081
3766	-2.548126
3767	-2.548195
3768	-2.548222
3769	-2.548231
3770	-2.548218
3771	-2.548141
3772	-2.548102
3773	-2.548056
3774	-2.548031
3775	-2.547989
3776	-2.548065
3777	-2.548153
3778	-2.548285
3779	-2.548349
3780	-2.548356
3781	-2.54841
3782	-2.548494
3783	-2.548607
3784	-2.548686
3785	-2.548812
3786	-2.548795
3787	-2.548685
3788	-2.548523
3789	-2.54828
3790	-2.548118
3791	-2.548064
3792	-2.548013
3793	-2.547907
3794	-2.547887
3795	-2.547929
3796	-2.547912
3797	-2.547892
3798	-2.547804
3799	-2.547731
3800	-2.547715
3801	-2.547763
3802	-2.547803
3803	-2.547855
3804	-2.54785
3805	-2.547826
3806	-2.547807
3807	-2.547869
3808	-2.547939
3809	-2.547947
3810	-2.548014
3811	-2.548084
3812	-2.548196
3813	-2.548308
3814	-2.548334
3815	-2.548334
3816	-2.548309
3817	-2.548321
3818	-2.548317
3819	-2.548296
3820	-2.548294
3821	-2.548257
3822	-2.548161
3823	-2.548113
3824	-2.54812
3825	-2.548171
3826	-2.548205
3827	-2.548163
3828	-2.548236
3829	-2.548197
3830	-2.548172
3831	-2.548107
3832	-2.548111
3833	-2.548152
3834	-2.54822
3835	-2.548246
3836	-2.548198
3837	-2.548205
3838	-2.548258
3839	-2.548202
3840	-2.548167
3841	-2.548108
3842	-2.548046
3843	-2.548099
3844	-2.548069
3845	-2.548039
3846	-2.548006
3847	-2.548013
3848	-2.547963
3849	-2.547931
3850	-2.547872
3851	-2.547758
3852	-2.547678
3853	-2.54759
3854	-2.547465
3855	-2.547363
3856	-2.547238
3857	-2.547165
3858	-2.547041
3859	-2.546827
3860	-2.546584
3861	-2.546433
3862	-2.546227
3863	-2.546073
3864	-2.545918
3865	-2.545752
3866	-2.545482
3867	-2.54525
3868	-2.545187
3869	-2.54514
3870	-2.545089
3871	-2.544977
3872	-2.544864
3873	-2.544797
3874	-2.544686
3875	-2.544601
3876	-2.544435
3877	-2.544245
3878	-2.544071
3879	-2.543796
3880	-2.543664
3881	-2.543534
3882	-2.543422
3883	-2.543334
3884	-2.543276
3885	-2.543334
3886	-2.543435
3887	-2.543496
3888	-2.543646
3889	-2.543725
3890	-2.543741
3891	-2.543707
3892	-2.543758
3893	-2.543842
3894	-2.543883
3895	-2.543964
3896	-2.544031
3897	-2.54407
3898	-2.544099
3899	-2.544026
3900	-2.543942
3901	-2.543905
3902	-2.543926
3903	-2.544043
3904	-2.544035
3905	-2.54397
3906	-2.543978
3907	-2.54399
3908	-2.543975
3909	-2.543996
3910	-2.543984
3911	-2.544008
3912	-2.544047
3913	-2.544076
3914	-2.544069
3915	-2.544018
3916	-2.543821
3917	-2.543671
3918	-2.543521
3919	-2.543371
3920	-2.543263
3921	-2.543134
3922	-2.542977
3923	-2.542924
3924	-2.542991
3925	-2.543027
3926	-2.543054
3927	-2.543039
3928	-2.54305
3929	-2.543008
3930	-2.542954
3931	-2.542887
3932	-2.542888
3933	-2.542873
3934	-2.542851
3935	-2.542967
3936	-2.543146
3937	-2.543229
3938	-2.543305
3939	-2.543384
3940	-2.543442
3941	-2.543453
3942	-2.543405
3943	-2.543299
3944	-2.543304
3945	-2.543338
3946	-2.543334
3947	-2.54338
3948	-2.543441
3949	-2.543524
3950	-2.543573
3951	-2.543627
3952	-2.543644
3953	-2.543629
3954	-2.543614
3955	-2.543578
3956	-2.543531
3957	-2.543528
3958	-2.543456
3959	-2.543422
3960	-2.543303
3961	-2.543213
3962	-2.543185
3963	-2.543206
3964	-2.543333
3965	-2.543501
3966	-2.54368
3967	-2.543854
3968	-2.544095
3969	-2.544312
3970	-2.544494
3971	-2.54453
3972	-2.544531
3973	-2.544468
3974	-2.544349
3975	-2.544221
3976	-2.544252
3977	-2.544276
3978	-2.544317
3979	-2.544375
3980	-2.544433
3981	-2.544432
3982	-2.544351
3983	-2.544287
3984	-2.544341
3985	-2.544282
3986	-2.544183
3987	-2.543966
3988	-2.543657
3989	-2.543541
3990	-2.543444
3991	-2.543391
3992	-2.54332
3993	-2.543279
3994	-2.543288
3995	-2.543338
3996	-2.543355
3997	-2.543319
3998	-2.543333
3999	-2.543326
4000	-2.543374
4001	-2.543407
4002	-2.543427
4003	-2.543475
4004	-2.543589
4005	-2.543615
4006	-2.54367
4007	-2.543765
4008	-2.543859
4009	-2.543937
4010	-2.543985
4011	-2.543947
4012	-2.543897
4013	-2.543845
4014	-2.543759
4015	-2.543649
4016	-2.543513
4017	-2.543369
4018	-2.543184
4019	-2.543007
4020	-2.542851
4021	-2.542811
4022	-2.542731
4023	-2.542659
4024	-2.54249
4025	-2.542355
4026	-2.542341
4027	-2.542327
4028	-2.54236
4029	-2.542411
4030	-2.542442
4031	-2.542568
4032	-2.542643
4033	-2.542653
4034	-2.542623
4035	-2.542664
4036	-2.542699
4037	-2.542729
4038	-2.54263
4039	-2.54254
4040	-2.542406
4041	-2.54228
4042	-2.542077
4043	-2.541962
4044	-2.541876
4045	-2.541844
4046	-2.541858
4047	-2.541889
4048	-2.54197
4049	-2.54204
4050	-2.542071
4051	-2.542068
4052	-2.54205
4053	-2.542069
4054	-2.542002
4055	-2.541992
4056	-2.542077
4057	-2.542154
4058	-2.542178
4059	-2.542231
4060	-2.542228
4061	-2.542238
4062	-2.542243
4063	-2.542322
4064	-2.542345
4065	-2.542385
4066	-2.542393
4067	-2.542398
4068	-2.542414
4069	-2.542449
4070	-2.542423
4071	-2.542345
4072	-2.542239
4073	-2.542185
4074	-2.542092
4075	-2.542048
4076	-2.541968
4077	-2.541817
4078	-2.541701
4079	-2.541585
4080	-2.541517
4081	-2.541477
4082	-2.541508
4083	-2.541519
4084	-2.541552
4085	-2.541589
4086	-2.541739
4087	-2.541779
4088	-2.541765
4089	-2.541755
4090	-2.541812
4091	-2.541878
4092	-2.541964
4093	-2.542028
4094	-2.542103
4095	-2.542208
4096	-2.542326
4097	-2.542404
4098	-2.542478
4099	-2.54257
4100	-2.542689
4101	-2.54282
4102	-2.542885
4103	-2.543011
4104	-2.543136
4105	-2.543241
4106	-2.543377
4107	-2.543532
4108	-2.54365
4109	-2.543779
4110	-2.543939
4111	-2.544017
4112	-2.544083
4113	-2.544093
4114	-2.544179
4115	-2.544296
4116	-2.5444
4117	-2.544498
4118	-2.54451
4119	-2.544568
4120	-2.544554
4121	-2.544441
4122	-2.544273
4123	-2.544186
4124	-2.54415
4125	-2.544237
4126	-2.544342
4127	-2.544529
4128	-2.544621
4129	-2.544719
4130	-2.544789
4131	-2.544793
4132	-2.544782
4133	-2.544842
4134	-2.544952
4135	-2.544991
4136	-2.545048
4137	-2.54507
4138	-2.545081
4139	-2.545018
4140	-2.545109
4141	-2.545218
4142	-2.545317
4143	-2.545402
4144	-2.545494
4145	-2.545603
4146	-2.545706
4147	-2.54573
4148	-2.545785
4149	-2.545812
4150	-2.545873
4151	-2.545917
4152	-2.545948
4153	-2.545902
4154	-2.545849
4155	-2.54578
4156	-2.54574
4157	-2.54571
4158	-2.54567
4159	-2.545689
4160	-2.545733
4161	-2.545718
4162	-2.545767
4163	-2.545756
4164	-2.545745
4165	-2.545712
4166	-2.545722
4167	-2.545651
4168	-2.545582
4169	-2.545461
4170	-2.545321
4171	-2.545094
4172	-2.544989
4173	-2.545002
4174	-2.545041
4175	-2.545111
4176	-2.545165
4177	-2.545213
4178	-2.545268
4179	-2.545357
4180	-2.545447
4181	-2.545505
4182	-2.545564
4183	-2.545689
4184	-2.545681
4185	-2.545784
4186	-2.545844
4187	-2.545846
4188	-2.545848
4189	-2.545918
4190	-2.545877
4191	-2.545885
4192	-2.54586
4193	-2.545895
4194	-2.545953
4195	-2.545982
4196	-2.546009
4197	-2.545926
4198	-2.545786
4199	-2.545684
4200	-2.545609
4201	-2.545602
4202	-2.545584
4203	-2.54558
4204	-2.545645
4205	-2.545686
4206	-2.545747
4207	-2.545783
4208	-2.545858
4209	-2.545948
4210	-2.546067
4211	-2.546222
4212	-2.546372
4213	-2.546429
4214	-2.546425
4215	-2.546545
4216	-2.546693
4217	-2.546831
4218	-2.546944
4219	-2.547085
4220	-2.547153
4221	-2.547229
4222	-2.547282
4223	-2.547315
4224	-2.547356
4225	-2.547475
4226	-2.547624
4227	-2.547807
4228	-2.548061
4229	-2.548198
4230	-2.548321
4231	-2.548385
4232	-2.548381
4233	-2.548437
4234	-2.548332
4235	-2.548194
4236	-2.548169
4237	-2.548099
4238	-2.548004
4239	-2.547857
4240	-2.547698
4241	-2.547592
4242	-2.54756
4243	-2.547596
4244	-2.547633
4245	-2.547739
4246	-2.547917
4247	-2.548058
4248	-2.54817
4249	-2.548192
4250	-2.54828
4251	-2.548232
4252	-2.548149
4253	-2.548073
4254	-2.548044
4255	-2.548036
4256	-2.548031
4257	-2.547978
4258	-2.547928
4259	-2.54791
4260	-2.54782
4261	-2.547827
4262	-2.547876
4263	-2.547919
4264	-2.547958
4265	-2.547829
4266	-2.547709
4267	-2.547681
4268	-2.547659
4269	-2.547631
4270	-2.547594
4271	-2.547512
4272	-2.547384
4273	-2.547288
4274	-2.547238
4275	-2.547254
4276	-2.54724
4277	-2.547176
4278	-2.547081
4279	-2.546935
4280	-2.546837
4281	-2.546748
4282	-2.546696
4283	-2.546706
4284	-2.54676
4285	-2.546781
4286	-2.546819
4287	-2.54683
4288	-2.546823
4289	-2.546739
4290	-2.546692
4291	-2.546631
4292	-2.546553
4293	-2.546486
4294	-2.546489
4295	-2.546466
4296	-2.546427
4297	-2.54631
4298	-2.546235
4299	-2.546217
4300	-2.546245
4301	-2.546338
4302	-2.546415
4303	-2.54652
4304	-2.546648
4305	-2.546826
4306	-2.546931
4307	-2.546954
4308	-2.546981
4309	-2.546992
4310	-2.547003
4311	-2.546996
4312	-2.546913
4313	-2.546884
4314	-2.546817
4315	-2.546762
4316	-2.546666
4317	-2.546601
4318	-2.546565
4319	-2.546468
4320	-2.54644
4321	-2.546476
4322	-2.546546
4323	-2.546667
4324	-2.54676
4325	-2.546878
4326	-2.546962
4327	-2.547002
4328	-2.547011
4329	-2.547023
4330	-2.547096
4331	-2.547114
4332	-2.547182
4333	-2.547297
4334	-2.547378
4335	-2.547465
4336	-2.547535
4337	-2.547541
4338	-2.547632
4339	-2.547703
4340	-2.547755
4341	-2.54778
4342	-2.547776
4343	-2.547765
4344	-2.5478
4345	-2.547899
4346	-2.547943
4347	-2.547931
4348	-2.54792
4349	-2.547878
4350	-2.547831
4351	-2.547864
4352	-2.547865
4353	-2.547888
4354	-2.547804
4355	-2.547783
4356	-2.547749
4357	-2.547761
4358	-2.547766
4359	-2.547726
4360	-2.547726
4361	-2.547677
4362	-2.547662
4363	-2.547588
4364	-2.54755
4365	-2.54752
4366	-2.547565
4367	-2.547674
4368	-2.547718
4369	-2.547774
4370	-2.547902
4371	-2.547982
4372	-2.548097
4373	-2.548171
4374	-2.548167
4375	-2.548218
4376	-2.548253
4377	-2.548292
4378	-2.54836
4379	-2.548441
4380	-2.548549
4381	-2.5486
4382	-2.548675
4383	-2.548768
4384	-2.548817
4385	-2.548855
4386	-2.54893
4387	-2.548971
4388	-2.549012
4389	-2.549077
4390	-2.549115
4391	-2.549182
4392	-2.549207
4393	-2.549249
4394	-2.549262
4395	-2.549306
4396	-2.549314
4397	-2.549356
4398	-2.549378
4399	-2.549356
4400	-2.549282
4401	-2.549354
4402	-2.549357
4403	-2.549366
4404	-2.549399
4405	-2.549369
4406	-2.54941
4407	-2.549445
4408	-2.549472
4409	-2.549515
4410	-2.549559
4411	-2.549616
4412	-2.549574
4413	-2.549594
4414	-2.549748
4415	-2.549845
4416	-2.549982
4417	-2.550089
4418	-2.550014
4419	-2.549965
4420	-2.549904
4421	-2.549889
4422	-2.549904
4423	-2.549873
4424	-2.549858
4425	-2.549885
4426	-2.549894
4427	-2.549968
4428	-2.55001
4429	-2.550081
4430	-2.55012
4431	-2.55018
4432	-2.550152
4433	-2.550152
4434	-2.550158
4435	-2.550194
4436	-2.55018
4437	-2.550162
4438	-2.550166
4439	-2.55023
4440	-2.550268
4441	-2.55026
4442	-2.550334
4443	-2.550299
4444	-2.550291
4445	-2.55033
4446	-2.550262
4447	-2.55022
4448	-2.550272
4449	-2.550319
4450	-2.550393
4451	-2.550403
4452	-2.550357
4453	-2.550295
4454	-2.550293
4455	-2.550307
4456	-2.550336
4457	-2.550376
4458	-2.550382
4459	-2.55042
4460	-2.550486
4461	-2.550614
4462	-2.550689
4463	-2.550732
4464	-2.550752
4465	-2.55079
4466	-2.550816
4467	-2.550822
4468	-2.550885
4469	-2.550884
4470	-2.550835
4471	-2.550779
4472	-2.55071
4473	-2.550687
4474	-2.550641
4475	-2.550572
4476	-2.550485
4477	-2.550417
4478	-2.550406
4479	-2.550412
4480	-2.550418
4481	-2.550395
4482	-2.550485
4483	-2.550502
4484	-2.550528
4485	-2.550513
4486	-2.550512
4487	-2.550544
4488	-2.550595
4489	-2.550695
4490	-2.55073
4491	-2.550806
4492	-2.550887
4493	-2.550961
4494	-2.551015
4495	-2.551043
4496	-2.551119
4497	-2.551156
4498	-2.551157
4499	-2.551136
4500	-2.551213
4501	-2.551313
4502	-2.551384
4503	-2.551449
4504	-2.55147
4505	-2.551478
4506	-2.551501
4507	-2.551529
4508	-2.55155
4509	-2.551549
4510	-2.551589
4511	-2.551616
4512	-2.551618
4513	-2.551543
4514	-2.551541
4515	-2.551522
4516	-2.551417
4517	-2.551348
4518	-2.5513
4519	-2.551304
4520	-2.551356
4521	-2.55137
4522	-2.551388
4523	-2.551407
4524	-2.551426
4525	-2.551365
4526	-2.551383
4527	-2.551379
4528	-2.55135
4529	-2.551349
4530	-2.551345
4531	-2.551411
4532	-2.551434
4533	-2.551486
4534	-2.551502
4535	-2.551494
4536	-2.551489
4537	-2.551468
4538	-2.551512
4539	-2.551616
4540	-2.551699
4541	-2.551769
4542	-2.551817
4543	-2.551875
4544	-2.551943
4545	-2.551998
4546	-2.551987
4547	-2.551965
4548	-2.551972
4549	-2.55209
4550	-2.552161
4551	-2.552194
4552	-2.552233
4553	-2.552363
4554	-2.552483
4555	-2.552593
4556	-2.552639
4557	-2.552692
4558	-2.55267
4559	-2.552668
4560	-2.55268
4561	-2.552743
4562	-2.552818
4563	-2.552868
4564	-2.552971
4565	-2.55304
4566	-2.553079
4567	-2.553102
4568	-2.553147
4569	-2.553283
4570	-2.553386
4571	-2.553378
4572	-2.553381
4573	-2.553282
4574	-2.553247
4575	-2.553239
4576	-2.553159
4577	-2.553113
4578	-2.553019
4579	-2.552963
4580	-2.552869
4581	-2.552749
4582	-2.552654
4583	-2.552544
4584	-2.552403
4585	-2.552292
4586	-2.552196
4587	-2.552106
4588	-2.552025
4589	-2.551926
4590	-2.551814
4591	-2.551734
4592	-2.551675
4593	-2.551529
4594	-2.551437
4595	-2.551381
4596	-2.551311
4597	-2.55115
4598	-2.55101
4599	-2.550857
4600	-2.550763
4601	-2.550728
4602	-2.550729
4603	-2.550738
4604	-2.550743
4605	-2.550747
4606	-2.550796
4607	-2.55085
4608	-2.550885
4609	-2.550897
4610	-2.55101
4611	-2.551066
4612	-2.551095
4613	-2.551018
4614	-2.550933
4615	-2.55089
4616	-2.550845
4617	-2.550746
4618	-2.550673
4619	-2.550656
4620	-2.550578
4621	-2.550451
4622	-2.550374
4623	-2.550357
4624	-2.550357
4625	-2.550346
4626	-2.550283
4627	-2.550234
4628	-2.550307
4629	-2.550398
4630	-2.550447
4631	-2.550422
4632	-2.550352
4633	-2.550226
4634	-2.550202
4635	-2.550185
4636	-2.550216
4637	-2.550205
4638	-2.550168
4639	-2.550121
4640	-2.55012
4641	-2.550141
4642	-2.550199
4643	-2.550315
4644	-2.550401
4645	-2.550437
4646	-2.550449
4647	-2.55048
4648	-2.550499
4649	-2.550468
4650	-2.550437
4651	-2.550415
4652	-2.550386
4653	-2.550358
4654	-2.550292
4655	-2.55026
4656	-2.550327
4657	-2.550309
4658	-2.550311
4659	-2.5503
4660	-2.550321
4661	-2.550304
4662	-2.550293
4663	-2.550291
4664	-2.550277
4665	-2.550255
4666	-2.550218
4667	-2.550187
4668	-2.550069
4669	-2.549968
4670	-2.549886
4671	-2.549865
4672	-2.549714
4673	-2.54958
4674	-2.549483
4675	-2.549437
4676	-2.549421
4677	-2.549401
4678	-2.549345
4679	-2.54936
4680	-2.549359
4681	-2.549424
4682	-2.549501
4683	-2.549603
4684	-2.549688
4685	-2.549754
4686	-2.54974
4687	-2.549755
4688	-2.549728
4689	-2.549737
4690	-2.549792
4691	-2.549775
4692	-2.549861
4693	-2.549931
4694	-2.550032
4695	-2.550096
4696	-2.550165
4697	-2.550215
4698	-2.550306
4699	-2.550363
4700	-2.550346
4701	-2.550321
4702	-2.550365
4703	-2.55042
4704	-2.550566
4705	-2.550639
4706	-2.550657
4707	-2.550684
4708	-2.550691
4709	-2.55072
4710	-2.550774
4711	-2.550756
4712	-2.550714
4713	-2.550627
4714	-2.550628
4715	-2.550607
4716	-2.550568
4717	-2.550561
4718	-2.550623
4719	-2.550637
4720	-2.550591
4721	-2.550626
4722	-2.550548
4723	-2.550502
4724	-2.550314
4725	-2.550064
4726	-2.549884
4727	-2.549743
4728	-2.549641
4729	-2.549533
4730	-2.549466
4731	-2.549371
4732	-2.549325
4733	-2.549321
4734	-2.549321
4735	-2.549305
4736	-2.54931
4737	-2.54926
4738	-2.549265
4739	-2.549274
4740	-2.549264
4741	-2.549303
4742	-2.549378
4743	-2.549521
4744	-2.549635
4745	-2.54977
4746	-2.549854
4747	-2.550009
4748	-2.550134
4749	-2.550267
4750	-2.550341
4751	-2.550384
4752	-2.55044
4753	-2.550464
4754	-2.550543
4755	-2.550616
4756	-2.550614
4757	-2.550622
4758	-2.550662
4759	-2.550676
4760	-2.55072
4761	-2.550752
4762	-2.550798
4763	-2.550841
4764	-2.550798
4765	-2.550719
4766	-2.550649
4767	-2.550584
4768	-2.550505
4769	-2.550488
4770	-2.550466
4771	-2.55042
4772	-2.55041
4773	-2.550402
4774	-2.550429
4775	-2.550453
4776	-2.550466
4777	-2.550452
4778	-2.550409
4779	-2.550359
4780	-2.550316
4781	-2.550225
4782	-2.550164
4783	-2.550107
4784	-2.549985
4785	-2.549897
4786	-2.549814
4787	-2.549776
4788	-2.549758
4789	-2.549755
4790	-2.549761
4791	-2.549764
4792	-2.549796
4793	-2.549774
4794	-2.549708
4795	-2.549661
4796	-2.549546
4797	-2.549465
4798	-2.549445
4799	-2.549376
4800	-2.549335
4801	-2.549266
4802	-2.549248
4803	-2.549201
4804	-2.549135
4805	-2.549152
4806	-2.549201
4807	-2.549218
4808	-2.549221
4809	-2.549216
4810	-2.54931
4811	-2.549399
4812	-2.549453
4813	-2.549492
4814	-2.549549
4815	-2.549536
4816	-2.549552
4817	-2.549597
4818	-2.549669
4819	-2.549719
4820	-2.549782
4821	-2.549769
4822	-2.549784
4823	-2.54977
4824	-2.549801
4825	-2.549855
4826	-2.549929
4827	-2.549986
4828	-2.550089
4829	-2.550149
4830	-2.55019
4831	-2.550195
4832	-2.550206
4833	-2.550179
4834	-2.550195
4835	-2.550256
4836	-2.550269
4837	-2.550304
4838	-2.550303
4839	-2.550322
4840	-2.550322
4841	-2.550321
4842	-2.550189
4843	-2.550112
4844	-2.55013
4845	-2.550136
4846	-2.550135
4847	-2.550065
4848	-2.549968
4849	-2.549937
4850	-2.549857
4851	-2.549801
4852	-2.549757
4853	-2.549708
4854	-2.549746
4855	-2.549665
4856	-2.549535
4857	-2.549406
4858	-2.549272
4859	-2.549166
4860	-2.549071
4861	-2.549002
4862	-2.548944
4863	-2.548909
4864	-2.548846
4865	-2.54888
4866	-2.548902
4867	-2.54891
4868	-2.548921
4869	-2.548863
4870	-2.548778
4871	-2.548758
4872	-2.548742
4873	-2.548652
4874	-2.548617
4875	-2.548589
4876	-2.548596
4877	-2.548577
4878	-2.548575
4879	-2.548502
4880	-2.548438
4881	-2.548381
4882	-2.548351
4883	-2.548246
4884	-2.548103
4885	-2.54804
4886	-2.548061
4887	-2.548005
4888	-2.548002
4889	-2.548033
4890	-2.548094
4891	-2.548212
4892	-2.548251
4893	-2.548259
4894	-2.548242
4895	-2.548211
4896	-2.548205
4897	-2.548101
4898	-2.547997
4899	-2.547854
4900	-2.547797
4901	-2.54774
4902	-2.547724
4903	-2.547676
4904	-2.547607
4905	-2.547544
4906	-2.547519
4907	-2.547486
4908	-2.54742
4909	-2.547342
4910	-2.547286
4911	-2.547243
4912	-2.547154
4913	-2.547072
4914	-2.546918
4915	-2.546792
4916	-2.546707
4917	-2.546673
4918	-2.546569
4919	-2.546551
4920	-2.546474
4921	-2.546443
4922	-2.546406
4923	-2.546405
4924	-2.546389
4925	-2.5463
4926	-2.546261
4927	-2.546187
4928	-2.546091
4929	-2.545964
4930	-2.545944
4931	-2.545893
4932	-2.545796
4933	-2.545735
4934	-2.545694
4935	-2.545712
4936	-2.54572
4937	-2.545728
4938	-2.545699
4939	-2.54565
4940	-2.545607
4941	-2.545529
4942	-2.545505
4943	-2.54544
4944	-2.545495
4945	-2.545543
4946	-2.545471
4947	-2.545315
4948	-2.545191
4949	-2.54506
4950	-2.544958
4951	-2.544879
4952	-2.544803
4953	-2.544735
4954	-2.544706
4955	-2.544659
4956	-2.544637
4957	-2.544599
4958	-2.544528
4959	-2.544472
4960	-2.544324
4961	-2.544214
4962	-2.544054
4963	-2.543944
4964	-2.543875
4965	-2.543805
4966	-2.543783
4967	-2.54383
4968	-2.543893
4969	-2.543894
4970	-2.543873
4971	-2.543781
4972	-2.543663
4973	-2.543545
4974	-2.543485
4975	-2.543437
4976	-2.543428
4977	-2.543468
4978	-2.543565
4979	-2.54364
4980	-2.543731
4981	-2.543834
4982	-2.5439
4983	-2.54394
4984	-2.543986
4985	-2.543971
4986	-2.543983
4987	-2.544006
4988	-2.544056
4989	-2.544
4990	-2.543997
4991	-2.544048
4992	-2.544139
4993	-2.54415
4994	-2.544161
4995	-2.544129
4996	-2.54402
4997	-2.543935
4998	-2.543879
4999	-2.543883
5000	-2.543845
