#	< Density >
1	0.272
2	0.236
3	0.213333
4	0.204
5	0.2064
6	0.204
7	0.212571
8	0.217
9	0.216
10	0.216
11	0.217455
12	0.223333
13	0.228308
14	0.232
15	0.232533
16	0.234
17	0.234824
18	0.236
19	0.238316
20	0.238
21	0.238857
22	0.239273
23	0.242087
24	0.243
25	0.2432
26	0.243077
27	0.242667
28	0.243429
29	0.245793
30	0.2464
31	0.246968
32	0.24625
33	0.245818
34	0.245176
35	0.245486
36	0.246222
37	0.247135
38	0.248632
39	0.250051
40	0.2512
41	0.251707
42	0.251429
43	0.251721
44	0.252545
45	0.253511
46	0.254087
47	0.256
48	0.257833
49	0.259592
50	0.26224
51	0.263843
52	0.264923
53	0.265358
54	0.26637
55	0.267055
56	0.267571
57	0.267649
58	0.268
59	0.268339
60	0.268667
61	0.268459
62	0.268
63	0.267937
64	0.2675
65	0.267323
66	0.266667
67	0.266507
68	0.267059
69	0.26713
70	0.267086
71	0.267606
72	0.268333
73	0.268384
74	0.268649
75	0.269227
76	0.269474
77	0.269922
78	0.270462
79	0.270684
80	0.2701
81	0.270123
82	0.269756
83	0.26988
84	0.27019
85	0.270118
86	0.269953
87	0.269701
88	0.270182
89	0.270022
90	0.269511
91	0.268747
92	0.268174
93	0.268387
94	0.268426
95	0.268295
96	0.268
97	0.268124
98	0.268163
99	0.267798
100	0.26736
101	0.266851
102	0.267059
103	0.266796
104	0.266538
105	0.266514
106	0.266038
107	0.265645
108	0.26563
109	0.265835
110	0.265673
111	0.265874
112	0.266071
113	0.266478
114	0.267088
115	0.26727
116	0.267172
117	0.26694
118	0.266576
119	0.265815
120	0.265133
121	0.26486
122	0.264721
123	0.265301
124	0.265613
125	0.266048
126	0.266667
127	0.266961
128	0.267187
129	0.267039
130	0.266892
131	0.266992
132	0.266909
133	0.266466
134	0.26609
135	0.265659
136	0.265118
137	0.264818
138	0.26458
139	0.26446
140	0.264114
141	0.263943
142	0.263606
143	0.263552
144	0.263667
145	0.263724
146	0.263726
147	0.264
148	0.264432
149	0.264698
150	0.264907
151	0.26506
152	0.264947
153	0.264993
154	0.265247
155	0.265342
156	0.265385
157	0.265427
158	0.26562
159	0.265811
160	0.2663
161	0.266683
162	0.266963
163	0.267141
164	0.267463
165	0.268073
166	0.268627
167	0.268982
168	0.269429
169	0.269822
170	0.270118
171	0.269942
172	0.269721
173	0.269457
174	0.269471
175	0.269577
176	0.269318
177	0.269379
178	0.269393
179	0.269408
180	0.269556
181	0.269569
182	0.269363
183	0.269202
184	0.268826
185	0.268584
186	0.268473
187	0.268321
188	0.26834
189	0.268317
190	0.268042
191	0.267937
192	0.268
193	0.267979
194	0.267753
195	0.267405
196	0.26702
197	0.266802
198	0.266707
199	0.266653
200	0.2666
201	0.266547
202	0.266574
203	0.266443
204	0.266353
205	0.26642
206	0.266136
207	0.265971
208	0.265962
209	0.266105
210	0.266324
211	0.266464
212	0.266604
213	0.266667
214	0.266841
215	0.266828
216	0.266889
217	0.267023
218	0.267266
219	0.26747
220	0.2676
221	0.267656
222	0.26782
223	0.26791
224	0.268
225	0.268089
226	0.268071
227	0.268018
228	0.267965
229	0.268052
230	0.268243
231	0.268433
232	0.268552
233	0.26867
234	0.268684
235	0.268698
236	0.268644
237	0.268557
238	0.268538
239	0.26882
240	0.269
241	0.269245
242	0.269388
243	0.269465
244	0.269574
245	0.269584
246	0.269691
247	0.269765
248	0.269774
249	0.269847
250	0.269856
251	0.26996
252	0.270063
253	0.270008
254	0.270205
255	0.270588
256	0.270906
257	0.271035
258	0.271194
259	0.27129
260	0.271538
261	0.271663
262	0.271695
263	0.27197
264	0.272182
265	0.272423
266	0.272451
267	0.272419
268	0.272567
269	0.272743
270	0.272919
271	0.273151
272	0.273382
273	0.273495
274	0.273664
275	0.274007
276	0.274261
277	0.274513
278	0.274676
279	0.274982
280	0.2752
281	0.275416
282	0.275574
283	0.275731
284	0.276056
285	0.276435
286	0.276783
287	0.27699
288	0.277222
289	0.27737
290	0.277462
291	0.277608
292	0.277726
293	0.277925
294	0.278041
295	0.278129
296	0.27827
297	0.278276
298	0.278309
299	0.278395
300	0.278453
301	0.278405
302	0.27849
303	0.278442
304	0.2785
305	0.278505
306	0.278431
307	0.278541
308	0.278597
309	0.27855
310	0.278452
311	0.278379
312	0.278308
313	0.278288
314	0.278293
315	0.278171
316	0.278101
317	0.278082
318	0.277862
319	0.277618
320	0.2775
321	0.277358
322	0.277168
323	0.277003
324	0.276864
325	0.276775
326	0.276663
327	0.27655
328	0.276463
329	0.276304
330	0.27617
331	0.276012
332	0.275952
333	0.275892
334	0.275904
335	0.276036
336	0.276143
337	0.276178
338	0.276237
339	0.276295
340	0.2764
341	0.276528
342	0.276632
343	0.276665
344	0.276767
345	0.27687
346	0.277017
347	0.27698
348	0.276966
349	0.276883
350	0.276869
351	0.2769
352	0.276886
353	0.276918
354	0.276972
355	0.276958
356	0.277034
357	0.277064
358	0.27705
359	0.276992
360	0.276956
361	0.276986
362	0.277039
363	0.277025
364	0.276747
365	0.276625
366	0.276568
367	0.27649
368	0.276522
369	0.27664
370	0.27667
371	0.276679
372	0.276753
373	0.276804
374	0.276877
375	0.276821
376	0.276723
377	0.276626
378	0.276635
379	0.276749
380	0.276842
381	0.27685
382	0.276859
383	0.276888
384	0.276875
385	0.276945
386	0.276953
387	0.27692
388	0.276845
389	0.276853
390	0.276697
391	0.276685
392	0.276633
393	0.276682
394	0.276731
395	0.276699
396	0.276606
397	0.276494
398	0.276382
399	0.276311
400	0.2762
401	0.27601
402	0.275642
403	0.275434
404	0.275327
405	0.275259
406	0.275212
407	0.275047
408	0.274902
409	0.274797
410	0.274712
411	0.274589
412	0.274505
413	0.274441
414	0.274473
415	0.274429
416	0.274404
417	0.274321
418	0.274239
419	0.274234
420	0.274229
421	0.274242
422	0.274218
423	0.274232
424	0.274189
425	0.274146
426	0.274216
427	0.274267
428	0.274262
429	0.274294
430	0.274419
431	0.274394
432	0.274352
433	0.274125
434	0.273954
435	0.273913
436	0.273927
437	0.273977
438	0.273991
439	0.274077
440	0.274182
441	0.274322
442	0.274353
443	0.274293
444	0.27427
445	0.274265
446	0.274206
447	0.274112
448	0.274054
449	0.27412
450	0.274258
451	0.274359
452	0.274513
453	0.274649
454	0.274767
455	0.274778
456	0.274772
457	0.274818
458	0.27476
459	0.274789
460	0.274817
461	0.274933
462	0.27503
463	0.275093
464	0.275086
465	0.274976
466	0.274867
467	0.274758
468	0.274701
469	0.274763
470	0.274757
471	0.274735
472	0.274729
473	0.274723
474	0.274734
475	0.274762
476	0.27479
477	0.274868
478	0.274979
479	0.275023
480	0.275
481	0.27496
482	0.274921
483	0.274915
484	0.274926
485	0.274969
486	0.275029
487	0.275138
488	0.275164
489	0.275174
490	0.275249
491	0.275308
492	0.27535
493	0.275375
494	0.275368
495	0.275232
496	0.275065
497	0.274962
498	0.274956
499	0.274998
500	0.275104
501	0.275226
502	0.275315
503	0.275419
504	0.275476
505	0.275485
506	0.27551
507	0.275503
508	0.275496
509	0.275552
510	0.275545
511	0.275523
512	0.275531
513	0.275618
514	0.275549
515	0.275557
516	0.275581
517	0.275574
518	0.275598
519	0.275499
520	0.275338
521	0.275301
522	0.27528
523	0.275212
524	0.27516
525	0.27523
526	0.27527
527	0.275279
528	0.275258
529	0.275221
530	0.275245
531	0.275209
532	0.275218
533	0.275287
534	0.275356
535	0.275499
536	0.275627
537	0.27568
538	0.275628
539	0.275562
540	0.275481
541	0.275342
542	0.275188
543	0.275064
544	0.274912
545	0.274833
546	0.27474
547	0.274735
548	0.274686
549	0.274638
550	0.274473
551	0.274323
552	0.274246
553	0.274271
554	0.274224
555	0.27422
556	0.274129
557	0.274039
558	0.273964
559	0.273875
560	0.273857
561	0.273939
562	0.273993
563	0.274075
564	0.274128
565	0.274081
566	0.274092
567	0.274046
568	0.274056
569	0.273996
570	0.274021
571	0.274088
572	0.274112
573	0.274192
574	0.274146
575	0.274101
576	0.274056
577	0.274052
578	0.274007
579	0.274017
580	0.273986
581	0.273969
582	0.273938
583	0.273935
584	0.27389
585	0.273832
586	0.273747
587	0.27369
588	0.273646
589	0.273576
590	0.2736
591	0.273706
592	0.27373
593	0.273659
594	0.27367
595	0.273708
596	0.273812
597	0.273849
598	0.273873
599	0.27395
600	0.273987
601	0.274037
602	0.274047
603	0.273977
604	0.27396
605	0.273917
606	0.273967
607	0.274069
608	0.274158
609	0.274246
610	0.274321
611	0.274344
612	0.274392
613	0.274427
614	0.274463
615	0.274524
616	0.274597
617	0.274554
618	0.274498
619	0.274507
620	0.274465
621	0.274409
622	0.274379
623	0.274376
624	0.274321
625	0.274253
626	0.274198
627	0.274182
628	0.274178
629	0.274162
630	0.274108
631	0.274029
632	0.274051
633	0.274111
634	0.274158
635	0.274205
636	0.274189
637	0.274261
638	0.27432
639	0.274416
640	0.274438
641	0.274371
642	0.274355
643	0.274364
644	0.274385
645	0.274419
646	0.274353
647	0.274325
648	0.274321
649	0.274379
650	0.274437
651	0.274433
652	0.274442
653	0.274413
654	0.274385
655	0.274272
656	0.274159
657	0.274119
658	0.274128
659	0.274185
660	0.274291
661	0.274336
662	0.274381
663	0.274425
664	0.274506
665	0.274454
666	0.274414
667	0.274447
668	0.274563
669	0.274631
670	0.27471
671	0.274718
672	0.274702
673	0.274686
674	0.274611
675	0.274513
676	0.27445
677	0.274422
678	0.274454
679	0.274474
680	0.274494
681	0.274479
682	0.27444
683	0.274425
684	0.274421
685	0.274476
686	0.274472
687	0.274457
688	0.2745
689	0.27452
690	0.274551
691	0.274582
692	0.274578
693	0.274586
694	0.274559
695	0.274498
696	0.27446
697	0.274456
698	0.274464
699	0.274461
700	0.274457
701	0.274465
702	0.274473
703	0.274504
704	0.274523
705	0.27453
706	0.274538
707	0.274557
708	0.274554
709	0.274539
710	0.274535
711	0.274565
712	0.274596
713	0.274592
714	0.274588
715	0.274629
716	0.27457
717	0.274555
718	0.274552
719	0.274548
720	0.274511
721	0.274441
722	0.27436
723	0.274313
724	0.27432
725	0.274284
726	0.27427
727	0.274278
728	0.274253
729	0.274173
730	0.274115
731	0.274047
732	0.273956
733	0.273888
734	0.273831
735	0.273872
736	0.273837
737	0.273791
738	0.273767
739	0.273851
740	0.273924
741	0.273954
742	0.273995
743	0.274057
744	0.274108
745	0.274158
746	0.274198
747	0.274238
748	0.274246
749	0.274243
750	0.274219
751	0.274141
752	0.274085
753	0.274104
754	0.274154
755	0.274193
756	0.27418
757	0.274135
758	0.2741
759	0.274087
760	0.274074
761	0.274039
762	0.274005
763	0.273908
764	0.273832
765	0.273725
766	0.273619
767	0.273565
768	0.27351
769	0.273467
770	0.273423
771	0.273359
772	0.273326
773	0.273273
774	0.273209
775	0.273177
776	0.273165
777	0.273174
778	0.273162
779	0.273089
780	0.273026
781	0.272922
782	0.272808
783	0.272674
784	0.27251
785	0.272408
786	0.272316
787	0.272183
788	0.272041
789	0.271929
790	0.271808
791	0.271717
792	0.271646
793	0.271627
794	0.271617
795	0.271618
796	0.271628
797	0.271609
798	0.271609
799	0.27162
800	0.27168
801	0.2718
802	0.27183
803	0.271831
804	0.271831
805	0.271851
806	0.271861
807	0.271871
808	0.271861
809	0.271842
810	0.271842
811	0.271832
812	0.271803
813	0.271774
814	0.271715
815	0.271598
816	0.27149
817	0.271383
818	0.271286
819	0.271219
820	0.27121
821	0.271172
822	0.271153
823	0.271203
824	0.271194
825	0.271176
826	0.271128
827	0.27111
828	0.271121
829	0.271141
830	0.271161
831	0.271162
832	0.27124
833	0.27127
834	0.271213
835	0.271234
836	0.271254
837	0.271207
838	0.271189
839	0.271132
840	0.271114
841	0.271106
842	0.27105
843	0.271004
844	0.270986
845	0.271034
846	0.271045
847	0.271018
848	0.270981
849	0.270935
850	0.270889
851	0.270872
852	0.270911
853	0.270959
854	0.271035
855	0.271074
856	0.271103
857	0.271151
858	0.271114
859	0.271078
860	0.271051
861	0.271062
862	0.27109
863	0.271101
864	0.271185
865	0.271251
866	0.271326
867	0.271391
868	0.271438
869	0.271475
870	0.271522
871	0.27155
872	0.271514
873	0.27145
874	0.271432
875	0.271442
876	0.27147
877	0.271489
878	0.271508
879	0.271536
880	0.271527
881	0.271564
882	0.27161
883	0.271674
884	0.271738
885	0.271783
886	0.27181
887	0.271865
888	0.271955
889	0.272054
890	0.272108
891	0.27218
892	0.272305
893	0.272439
894	0.272528
895	0.272572
896	0.272607
897	0.272633
898	0.272659
899	0.272667
900	0.272667
901	0.272648
902	0.272692
903	0.272753
904	0.272788
905	0.272796
906	0.272786
907	0.272732
908	0.272705
909	0.272695
910	0.272659
911	0.272615
912	0.27257
913	0.272482
914	0.272411
915	0.272332
916	0.272253
917	0.272209
918	0.272183
919	0.272174
920	0.2722
921	0.272226
922	0.272208
923	0.272182
924	0.272156
925	0.272104
926	0.272078
927	0.272052
928	0.27206
929	0.272026
930	0.27206
931	0.272077
932	0.272112
933	0.272129
934	0.272128
935	0.27212
936	0.272111
937	0.272111
938	0.272119
939	0.272128
940	0.272153
941	0.272128
942	0.272085
943	0.272136
944	0.272203
945	0.272279
946	0.272313
947	0.272355
948	0.272405
949	0.272506
950	0.272598
951	0.272606
952	0.272639
953	0.27268
954	0.272704
955	0.27272
956	0.27277
957	0.272853
958	0.272894
959	0.272959
960	0.273017
961	0.273041
962	0.273106
963	0.273163
964	0.273137
965	0.273152
966	0.273176
967	0.273257
968	0.273289
969	0.273313
970	0.273344
971	0.273335
972	0.273366
973	0.273357
974	0.273388
975	0.273354
976	0.273311
977	0.273277
978	0.273252
979	0.273291
980	0.273249
981	0.273207
982	0.273149
983	0.27305
984	0.272992
985	0.272885
986	0.272852
987	0.272794
988	0.272713
989	0.272679
990	0.272638
991	0.272614
992	0.272589
993	0.272596
994	0.272636
995	0.272675
996	0.272675
997	0.272682
998	0.272665
999	0.272641
1000	0.272632
1001	0.272607
1002	0.272511
1003	0.272407
1004	0.272327
1005	0.272231
1006	0.272143
1007	0.272079
1008	0.272008
1009	0.271913
1010	0.271865
1011	0.271881
1012	0.271881
1013	0.271874
1014	0.271858
1015	0.271866
1016	0.27189
1017	0.271906
1018	0.271851
1019	0.271851
1020	0.271851
1021	0.271859
1022	0.271859
1023	0.271851
1024	0.271797
1025	0.271735
1026	0.271712
1027	0.271688
1028	0.271634
1029	0.271572
1030	0.271487
1031	0.271418
1032	0.271357
1033	0.27128
1034	0.271203
1035	0.271188
1036	0.271205
1037	0.271236
1038	0.271229
1039	0.271199
1040	0.271177
1041	0.271178
1042	0.271117
1043	0.271049
1044	0.271057
1045	0.271066
1046	0.271098
1047	0.271114
1048	0.271115
1049	0.271108
1050	0.271116
1051	0.271087
1052	0.271065
1053	0.271012
1054	0.270991
1055	0.270954
1056	0.270894
1057	0.270857
1058	0.270828
1059	0.270844
1060	0.270853
1061	0.270809
1062	0.27075
1063	0.270721
1064	0.270707
1065	0.270685
1066	0.270657
1067	0.270643
1068	0.270629
1069	0.270616
1070	0.270624
1071	0.270663
1072	0.270642
1073	0.270636
1074	0.270682
1075	0.270735
1076	0.270781
1077	0.270834
1078	0.270902
1079	0.270962
1080	0.27103
1081	0.271075
1082	0.271142
1083	0.271202
1084	0.271232
1085	0.271285
1086	0.271285
1087	0.271301
1088	0.271316
1089	0.271309
1090	0.271317
1091	0.271281
1092	0.271282
1093	0.271261
1094	0.271269
1095	0.271269
1096	0.271277
1097	0.271271
1098	0.271279
1099	0.271301
1100	0.271287
1101	0.271295
1102	0.271318
1103	0.271296
1104	0.271275
1105	0.271247
1106	0.271219
1107	0.271212
1108	0.271155
1109	0.27112
1110	0.27115
1111	0.271165
1112	0.271158
1113	0.27113
1114	0.27116
1115	0.271225
1116	0.271247
1117	0.271284
1118	0.271313
1119	0.271321
1120	0.271329
1121	0.271301
1122	0.271308
1123	0.271316
1124	0.271359
1125	0.271403
1126	0.271481
1127	0.27156
1128	0.271617
1129	0.271653
1130	0.271696
1131	0.271738
1132	0.271788
1133	0.271795
1134	0.271802
1135	0.271789
1136	0.271782
1137	0.271789
1138	0.271789
1139	0.271789
1140	0.27174
1141	0.271684
1142	0.271671
1143	0.271685
1144	0.271713
1145	0.271741
1146	0.271763
1147	0.271756
1148	0.271714
1149	0.271701
1150	0.271666
1151	0.271618
1152	0.27159
1153	0.271618
1154	0.271598
1155	0.271571
1156	0.271522
1157	0.271523
1158	0.271565
1159	0.271544
1160	0.271517
1161	0.271525
1162	0.271546
1163	0.271567
1164	0.271574
1165	0.271561
1166	0.271602
1167	0.271589
1168	0.271575
1169	0.271555
1170	0.271501
1171	0.271467
1172	0.271447
1173	0.271379
1174	0.271305
1175	0.271285
1176	0.271252
1177	0.271191
1178	0.271144
1179	0.271098
1180	0.271071
1181	0.271045
1182	0.271025
1183	0.270999
1184	0.271
1185	0.270994
1186	0.271022
1187	0.271036
1188	0.271091
1189	0.271119
1190	0.271153
1191	0.27116
1192	0.271188
1193	0.271182
1194	0.271136
1195	0.271076
1196	0.271023
1197	0.270971
1198	0.270885
1199	0.270832
1200	0.270807
1201	0.270808
1202	0.270802
1203	0.270816
1204	0.270831
1205	0.270871
1206	0.270912
1207	0.270926
1208	0.270947
1209	0.271001
1210	0.271028
1211	0.271075
1212	0.271155
1213	0.271202
1214	0.271295
1215	0.271355
1216	0.271368
1217	0.271382
1218	0.27135
1219	0.271357
1220	0.27137
1221	0.271391
1222	0.271404
1223	0.271424
1224	0.271451
1225	0.271458
1226	0.271445
1227	0.271452
1228	0.271459
1229	0.271479
1230	0.27148
1231	0.271487
1232	0.271474
1233	0.271474
1234	0.271494
1235	0.271501
1236	0.271534
1237	0.271573
1238	0.271625
1239	0.271651
1240	0.271716
1241	0.271768
1242	0.271775
1243	0.271762
1244	0.271762
1245	0.271756
1246	0.271775
1247	0.271763
1248	0.27175
1249	0.271737
1250	0.271725
1251	0.271699
1252	0.271661
1253	0.27163
1254	0.27163
1255	0.271611
1256	0.271586
1257	0.271561
1258	0.271548
1259	0.271536
1260	0.271575
1261	0.271638
1262	0.271651
1263	0.271658
1264	0.271696
1265	0.271715
1266	0.271728
1267	0.271754
1268	0.271792
1269	0.271817
1270	0.271868
1271	0.271887
1272	0.271906
1273	0.271918
1274	0.271943
1275	0.27195
1276	0.271925
1277	0.271887
1278	0.271856
1279	0.271819
1280	0.271806
1281	0.271831
1282	0.271881
1283	0.271944
1284	0.271944
1285	0.27195
1286	0.271938
1287	0.271956
1288	0.271963
1289	0.271913
1290	0.271882
1291	0.271839
1292	0.271796
1293	0.271759
1294	0.271728
1295	0.271741
1296	0.27171
1297	0.271673
1298	0.271673
1299	0.27168
1300	0.271674
1301	0.271674
1302	0.271674
1303	0.271675
1304	0.271644
1305	0.271638
1306	0.271639
1307	0.271645
1308	0.271645
1309	0.271646
1310	0.271676
1311	0.271725
1312	0.271774
1313	0.271817
1314	0.271848
1315	0.271848
1316	0.271848
1317	0.271866
1318	0.271903
1319	0.271939
1320	0.271964
1321	0.271952
1322	0.271939
1323	0.271982
1324	0.272042
1325	0.272072
1326	0.272103
1327	0.272127
1328	0.272151
1329	0.272187
1330	0.272229
1331	0.272252
1332	0.272276
1333	0.272276
1334	0.272264
1335	0.27227
1336	0.272257
1337	0.272257
1338	0.272251
1339	0.272257
1340	0.272281
1341	0.272304
1342	0.272328
1343	0.272369
1344	0.272417
1345	0.272464
1346	0.272493
1347	0.27254
1348	0.272617
1349	0.272658
1350	0.272693
1351	0.272717
1352	0.272722
1353	0.272715
1354	0.272733
1355	0.272779
1356	0.27282
1357	0.272831
1358	0.272831
1359	0.272824
1360	0.272812
1361	0.272799
1362	0.272816
1363	0.272828
1364	0.272886
1365	0.272944
1366	0.272972
1367	0.272971
1368	0.272982
1369	0.272993
1370	0.273016
1371	0.273033
1372	0.27309
1373	0.273125
1374	0.273153
1375	0.273204
1376	0.273256
1377	0.273272
1378	0.273295
1379	0.273276
1380	0.273287
1381	0.273327
1382	0.273366
1383	0.273394
1384	0.273434
1385	0.273456
1386	0.273483
1387	0.273477
1388	0.273481
1389	0.273463
1390	0.273456
1391	0.273472
1392	0.273534
1393	0.273614
1394	0.273693
1395	0.273732
1396	0.273748
1397	0.273724
1398	0.273671
1399	0.273613
1400	0.27356
1401	0.273513
1402	0.273495
1403	0.273437
1404	0.273379
1405	0.273293
1406	0.273252
1407	0.273234
1408	0.273205
1409	0.273136
1410	0.273095
1411	0.273043
1412	0.273008
1413	0.272951
1414	0.272905
1415	0.27291
1416	0.27287
1417	0.272847
1418	0.272858
1419	0.272863
1420	0.272896
1421	0.272929
1422	0.272973
1423	0.272989
1424	0.273006
1425	0.273022
1426	0.273021
1427	0.273048
1428	0.273076
1429	0.273069
1430	0.273097
1431	0.273107
1432	0.273106
1433	0.273094
1434	0.273071
1435	0.273109
1436	0.273114
1437	0.273102
1438	0.273074
1439	0.273067
1440	0.273044
1441	0.273027
1442	0.273021
1443	0.273037
1444	0.273019
1445	0.273041
1446	0.273046
1447	0.272995
1448	0.272967
1449	0.272972
1450	0.272993
1451	0.273025
1452	0.273047
1453	0.273024
1454	0.273023
1455	0.273017
1456	0.273027
1457	0.273005
1458	0.272971
1459	0.272938
1460	0.272921
1461	0.272914
1462	0.272947
1463	0.272973
1464	0.272967
1465	0.272972
1466	0.272933
1467	0.272911
1468	0.27291
1469	0.272915
1470	0.272882
1471	0.272876
1472	0.272891
1473	0.272891
1474	0.272901
1475	0.272879
1476	0.272873
1477	0.272818
1478	0.272769
1479	0.27273
1480	0.272714
1481	0.272691
1482	0.272675
1483	0.27268
1484	0.27269
1485	0.272706
1486	0.272732
1487	0.272775
1488	0.272812
1489	0.272822
1490	0.272848
1491	0.272875
1492	0.272901
1493	0.272916
1494	0.272926
1495	0.27292
1496	0.272914
1497	0.272925
1498	0.272929
1499	0.272891
1500	0.272864
1501	0.272821
1502	0.272815
1503	0.27283
1504	0.272835
1505	0.27284
1506	0.272802
1507	0.272802
1508	0.272817
1509	0.272864
1510	0.272864
1511	0.272837
1512	0.272841
1513	0.272846
1514	0.272845
1515	0.272845
1516	0.27285
1517	0.272838
1518	0.272791
1519	0.272753
1520	0.272721
1521	0.272679
1522	0.272704
1523	0.272714
1524	0.272724
1525	0.272724
1526	0.272687
1527	0.27266
1528	0.272634
1529	0.272659
1530	0.272638
1531	0.272637
1532	0.272642
1533	0.272647
1534	0.272626
1535	0.272615
1536	0.27262
1537	0.272578
1538	0.272541
1539	0.272509
1540	0.272499
1541	0.272493
1542	0.272472
1543	0.272461
1544	0.272472
1545	0.272466
1546	0.272455
1547	0.272445
1548	0.272408
1549	0.272356
1550	0.272325
1551	0.272258
1552	0.272196
1553	0.272139
1554	0.272093
1555	0.272067
1556	0.272082
1557	0.272062
1558	0.272056
1559	0.272036
1560	0.272046
1561	0.272056
1562	0.272072
1563	0.272087
1564	0.272102
1565	0.272082
1566	0.272107
1567	0.272123
1568	0.272128
1569	0.272138
1570	0.272158
1571	0.272178
1572	0.272178
1573	0.272183
1574	0.272178
1575	0.272168
1576	0.272157
1577	0.272127
1578	0.272096
1579	0.272066
1580	0.27202
1581	0.27197
1582	0.271919
1583	0.271864
1584	0.271828
1585	0.271808
1586	0.271778
1587	0.271718
1588	0.271688
1589	0.271668
1590	0.271673
1591	0.271683
1592	0.271688
1593	0.271704
1594	0.271724
1595	0.271734
1596	0.271719
1597	0.271724
1598	0.27173
1599	0.27175
1600	0.27175
1601	0.271735
1602	0.27176
1603	0.27177
1604	0.271796
1605	0.27186
1606	0.271875
1607	0.271871
1608	0.271851
1609	0.271866
1610	0.271876
1611	0.271871
1612	0.271871
1613	0.271851
1614	0.271822
1615	0.271812
1616	0.271822
1617	0.271861
1618	0.271867
1619	0.271872
1620	0.271847
1621	0.271852
1622	0.271857
1623	0.271842
1624	0.271847
1625	0.271842
1626	0.271813
1627	0.271764
1628	0.27172
1629	0.271696
1630	0.271696
1631	0.271706
1632	0.271696
1633	0.271696
1634	0.271696
1635	0.271657
1636	0.271619
1637	0.271599
1638	0.271604
1639	0.271614
1640	0.27162
1641	0.271615
1642	0.27161
1643	0.27161
1644	0.271635
1645	0.271635
1646	0.271621
1647	0.271597
1648	0.271573
1649	0.271529
1650	0.271486
1651	0.271457
1652	0.271438
1653	0.271424
1654	0.271415
1655	0.271425
1656	0.271425
1657	0.271411
1658	0.271397
1659	0.271417
1660	0.271431
1661	0.271417
1662	0.271408
1663	0.271403
1664	0.271385
1665	0.271361
1666	0.271361
1667	0.271376
1668	0.271429
1669	0.271468
1670	0.271478
1671	0.271493
1672	0.271522
1673	0.271536
1674	0.271565
1675	0.27158
1676	0.271589
1677	0.27159
1678	0.271576
1679	0.271585
1680	0.271581
1681	0.271595
1682	0.271615
1683	0.271639
1684	0.271648
1685	0.271668
1686	0.271668
1687	0.271678
1688	0.271706
1689	0.271744
1690	0.271749
1691	0.271754
1692	0.271759
1693	0.27175
1694	0.271731
1695	0.271703
1696	0.271689
1697	0.271651
1698	0.271628
1699	0.271619
1700	0.271619
1701	0.271643
1702	0.271662
1703	0.271681
1704	0.271714
1705	0.271718
1706	0.271719
1707	0.271728
1708	0.27171
1709	0.271677
1710	0.27163
1711	0.271598
1712	0.27157
1713	0.271556
1714	0.271571
1715	0.271562
1716	0.271529
1717	0.271525
1718	0.27153
1719	0.271549
1720	0.271586
1721	0.271637
1722	0.271679
1723	0.271717
1724	0.271754
1725	0.271768
1726	0.271782
1727	0.271764
1728	0.271745
1729	0.271718
1730	0.271686
1731	0.271663
1732	0.27164
1733	0.271621
1734	0.271594
1735	0.27159
1736	0.271576
1737	0.271609
1738	0.271632
1739	0.271655
1740	0.271641
1741	0.271614
1742	0.271637
1743	0.271683
1744	0.271693
1745	0.271711
1746	0.271716
1747	0.271712
1748	0.271712
1749	0.271739
1750	0.271739
1751	0.271726
1752	0.271717
1753	0.271717
1754	0.271731
1755	0.271768
1756	0.271777
1757	0.271791
1758	0.271809
1759	0.271768
1760	0.271764
1761	0.271764
1762	0.271768
1763	0.271773
1764	0.27176
1765	0.27176
1766	0.27176
1767	0.271756
1768	0.271738
1769	0.271702
1770	0.271706
1771	0.271729
1772	0.271743
1773	0.271747
1774	0.271756
1775	0.271752
1776	0.27177
1777	0.271802
1778	0.271816
1779	0.271802
1780	0.271784
1781	0.27178
1782	0.271793
1783	0.271794
1784	0.271794
1785	0.271785
1786	0.271758
1787	0.271709
1788	0.271691
1789	0.271678
1790	0.271651
1791	0.271652
1792	0.271647
1793	0.271612
1794	0.271616
1795	0.271594
1796	0.271572
1797	0.271577
1798	0.271582
1799	0.271578
1800	0.271578
1801	0.271605
1802	0.271645
1803	0.271645
1804	0.27169
1805	0.271734
1806	0.271779
1807	0.271801
1808	0.271805
1809	0.271792
1810	0.271788
1811	0.271801
1812	0.271801
1813	0.271832
1814	0.271846
1815	0.27185
1816	0.271863
1817	0.271855
1818	0.27185
1819	0.271824
1820	0.271798
1821	0.271794
1822	0.271767
1823	0.271741
1824	0.271724
1825	0.271724
1826	0.271728
1827	0.271729
1828	0.271702
1829	0.271685
1830	0.271694
1831	0.271681
1832	0.271664
1833	0.27166
1834	0.271634
1835	0.271612
1836	0.271599
1837	0.271599
1838	0.271578
1839	0.271548
1840	0.271504
1841	0.271496
1842	0.271527
1843	0.271536
1844	0.271557
1845	0.271575
1846	0.271606
1847	0.271628
1848	0.271645
1849	0.271645
1850	0.271606
1851	0.271576
1852	0.271542
1853	0.271486
1854	0.271456
1855	0.271439
1856	0.271435
1857	0.271427
1858	0.27144
1859	0.271449
1860	0.271449
1861	0.27145
1862	0.271459
1863	0.271455
1864	0.271464
1865	0.27149
1866	0.271503
1867	0.271529
1868	0.271537
1869	0.271559
1870	0.271589
1871	0.271624
1872	0.271667
1873	0.27171
1874	0.271748
1875	0.271791
1876	0.271825
1877	0.271851
1878	0.271898
1879	0.271962
1880	0.272009
1881	0.272038
1882	0.272038
1883	0.272055
1884	0.272051
1885	0.272055
1886	0.272051
1887	0.272051
1888	0.272038
1889	0.272042
1890	0.272047
1891	0.272042
1892	0.272042
1893	0.272042
1894	0.272042
1895	0.272063
1896	0.27208
1897	0.272105
1898	0.272139
1899	0.272147
1900	0.27216
1901	0.272177
1902	0.272206
1903	0.272219
1904	0.272231
1905	0.272227
1906	0.272218
1907	0.272235
1908	0.272252
1909	0.272285
1910	0.272297
1911	0.27231
1912	0.272318
1913	0.272326
1914	0.272347
1915	0.272343
1916	0.272347
1917	0.272351
1918	0.27233
1919	0.272325
1920	0.272325
1921	0.272346
1922	0.272337
1923	0.27232
1924	0.272279
1925	0.272233
1926	0.272191
1927	0.272145
1928	0.272108
1929	0.272066
1930	0.272029
1931	0.272021
1932	0.272025
1933	0.272004
1934	0.271992
1935	0.27195
1936	0.271921
1937	0.271913
1938	0.271905
1939	0.271917
1940	0.271922
1941	0.271918
1942	0.271909
1943	0.271889
1944	0.271856
1945	0.271831
1946	0.271807
1947	0.271799
1948	0.271782
1949	0.27177
1950	0.271774
1951	0.271774
1952	0.271783
1953	0.271758
1954	0.27175
1955	0.271734
1956	0.27173
1957	0.271706
1958	0.271694
1959	0.271661
1960	0.271637
1961	0.271629
1962	0.271617
1963	0.271592
1964	0.271568
1965	0.27154
1966	0.271516
1967	0.271508
1968	0.271492
1969	0.27148
1970	0.271464
1971	0.27144
1972	0.271416
1973	0.271388
1974	0.271372
1975	0.27136
1976	0.271344
1977	0.271324
1978	0.271296
1979	0.271276
1980	0.271236
1981	0.271196
1982	0.271148
1983	0.271108
1984	0.271081
1985	0.271073
1986	0.271078
1987	0.271058
1988	0.271038
1989	0.271007
1990	0.271003
1991	0.271004
1992	0.271
1993	0.271005
1994	0.271013
1995	0.271014
1996	0.270986
1997	0.27097
1998	0.270947
1999	0.270931
2000	0.270924
2001	0.270905
2002	0.270877
2003	0.27085
2004	0.27085
2005	0.270867
2006	0.270891
2007	0.270932
2008	0.27096
2009	0.270985
2010	0.270985
2011	0.270958
2012	0.270934
2013	0.270907
2014	0.270872
2015	0.270829
2016	0.270802
2017	0.27077
2018	0.270767
2019	0.270776
2020	0.270756
2021	0.270741
2022	0.270698
2023	0.270652
2024	0.270628
2025	0.270601
2026	0.270578
2027	0.270559
2028	0.270548
2029	0.270541
2030	0.270514
2031	0.270503
2032	0.270484
2033	0.270481
2034	0.270486
2035	0.270483
2036	0.270487
2037	0.270492
2038	0.270504
2039	0.270513
2040	0.270522
2041	0.270522
2042	0.270515
2043	0.270496
2044	0.270485
2045	0.270498
2046	0.270483
2047	0.270452
2048	0.270441
2049	0.270427
2050	0.270396
2051	0.270358
2052	0.270312
2053	0.270278
2054	0.270247
2055	0.270221
2056	0.270202
2057	0.270203
2058	0.2702
2059	0.270201
2060	0.270202
2061	0.270172
2062	0.270149
2063	0.270123
2064	0.270101
2065	0.270078
2066	0.270056
2067	0.270049
2068	0.270027
2069	0.270024
2070	0.270029
2071	0.270042
2072	0.27005
2073	0.270051
2074	0.270048
2075	0.270045
2076	0.270042
2077	0.270036
2078	0.270025
2079	0.270011
2080	0.269988
2081	0.270005
2082	0.270029
2083	0.270049
2084	0.270058
2085	0.270062
2086	0.270075
2087	0.270076
2088	0.270065
2089	0.270028
2090	0.270006
2091	0.269984
2092	0.269977
2093	0.26997
2094	0.269948
2095	0.269911
2096	0.269878
2097	0.269856
2098	0.269815
2099	0.269789
2100	0.269752
2101	0.269727
2102	0.269701
2103	0.26966
2104	0.269639
2105	0.269632
2106	0.26963
2107	0.269627
2108	0.269624
2109	0.269622
2110	0.269611
2111	0.26959
2112	0.269576
2113	0.269562
2114	0.269563
2115	0.269564
2116	0.269584
2117	0.269566
2118	0.269537
2119	0.269497
2120	0.269475
2121	0.269462
2122	0.269451
2123	0.269434
2124	0.269416
2125	0.269395
2126	0.269404
2127	0.269416
2128	0.269417
2129	0.269419
2130	0.269412
2131	0.26941
2132	0.269415
2133	0.269408
2134	0.26938
2135	0.269362
2136	0.269348
2137	0.269346
2138	0.269332
2139	0.269333
2140	0.26935
2141	0.269351
2142	0.269359
2143	0.269379
2144	0.269392
2145	0.269408
2146	0.26942
2147	0.269429
2148	0.269419
2149	0.269387
2150	0.269354
2151	0.269352
2152	0.269342
2153	0.269336
2154	0.269322
2155	0.269312
2156	0.269295
2157	0.269285
2158	0.269297
2159	0.269295
2160	0.269296
2161	0.269309
2162	0.26931
2163	0.269322
2164	0.269335
2165	0.269347
2166	0.26937
2167	0.269383
2168	0.269399
2169	0.269411
2170	0.269416
2171	0.269409
2172	0.269396
2173	0.26939
2174	0.269384
2175	0.269385
2176	0.269375
2177	0.269358
2178	0.269355
2179	0.269364
2180	0.269383
2181	0.269403
2182	0.269401
2183	0.26942
2184	0.269451
2185	0.269474
2186	0.269486
2187	0.269494
2188	0.269481
2189	0.269475
2190	0.269461
2191	0.269462
2192	0.269449
2193	0.269428
2194	0.269429
2195	0.269438
2196	0.269439
2197	0.269451
2198	0.269452
2199	0.269464
2200	0.269502
2201	0.269525
2202	0.269551
2203	0.269578
2204	0.269608
2205	0.269631
2206	0.269628
2207	0.269626
2208	0.269601
2209	0.269588
2210	0.269571
2211	0.269561
2212	0.269555
2213	0.269549
2214	0.269543
2215	0.26954
2216	0.269516
2217	0.269528
2218	0.269529
2219	0.26952
2220	0.269517
2221	0.269504
2222	0.269491
2223	0.269495
2224	0.269478
2225	0.26948
2226	0.269456
2227	0.269428
2228	0.2694
2229	0.269384
2230	0.269378
2231	0.269375
2232	0.26938
2233	0.269381
2234	0.269379
2235	0.269398
2236	0.269431
2237	0.269461
2238	0.269487
2239	0.269513
2240	0.269529
2241	0.269548
2242	0.269559
2243	0.26956
2244	0.269569
2245	0.269588
2246	0.269606
2247	0.269607
2248	0.269591
2249	0.269578
2250	0.269561
2251	0.269558
2252	0.269535
2253	0.269511
2254	0.269512
2255	0.269506
2256	0.269493
2257	0.26949
2258	0.269495
2259	0.269493
2260	0.269487
2261	0.269474
2262	0.269454
2263	0.269441
2264	0.269445
2265	0.269446
2266	0.269455
2267	0.269466
2268	0.269478
2269	0.269507
2270	0.269526
2271	0.269531
2272	0.269525
2273	0.269512
2274	0.269495
2275	0.269482
2276	0.269469
2277	0.269456
2278	0.26944
2279	0.269423
2280	0.269425
2281	0.269422
2282	0.26942
2283	0.269414
2284	0.269405
2285	0.269395
2286	0.269379
2287	0.269345
2288	0.269329
2289	0.26933
2290	0.269345
2291	0.269343
2292	0.269347
2293	0.269362
2294	0.269378
2295	0.269379
2296	0.269383
2297	0.269381
2298	0.269389
2299	0.269383
2300	0.269384
2301	0.269365
2302	0.269355
2303	0.269353
2304	0.269365
2305	0.269369
2306	0.269374
2307	0.269371
2308	0.26938
2309	0.269381
2310	0.269389
2311	0.269411
2312	0.269415
2313	0.269423
2314	0.269428
2315	0.269436
2316	0.269451
2317	0.269466
2318	0.26945
2319	0.26944
2320	0.269431
2321	0.269429
2322	0.26945
2323	0.269472
2324	0.269494
2325	0.269509
2326	0.269527
2327	0.269538
2328	0.269553
2329	0.269602
2330	0.269614
2331	0.269625
2332	0.26965
2333	0.269682
2334	0.269707
2335	0.269728
2336	0.269736
2337	0.269737
2338	0.269728
2339	0.269712
2340	0.269692
2341	0.269673
2342	0.26965
2343	0.269617
2344	0.269601
2345	0.269588
2346	0.269589
2347	0.269576
2348	0.269571
2349	0.269572
2350	0.269563
2351	0.269564
2352	0.269551
2353	0.269525
2354	0.269516
2355	0.26951
2356	0.269514
2357	0.269515
2358	0.269534
2359	0.269568
2360	0.26959
2361	0.269604
2362	0.269633
2363	0.26963
2364	0.269614
2365	0.269598
2366	0.269596
2367	0.2696
2368	0.269611
2369	0.269606
2370	0.269603
2371	0.269618
2372	0.269626
2373	0.26962
2374	0.269611
2375	0.269595
2376	0.269582
2377	0.269584
2378	0.269561
2379	0.269535
2380	0.269509
2381	0.269477
2382	0.269461
2383	0.269455
2384	0.269423
2385	0.269387
2386	0.269355
2387	0.269332
2388	0.269317
2389	0.269321
2390	0.269332
2391	0.269347
2392	0.269358
2393	0.269376
2394	0.269387
2395	0.269381
2396	0.269366
2397	0.26935
2398	0.269324
2399	0.269312
2400	0.269323
2401	0.269328
2402	0.269332
2403	0.26932
2404	0.269328
2405	0.269319
2406	0.269313
2407	0.269305
2408	0.269292
2409	0.269264
2410	0.269245
2411	0.269216
2412	0.269197
2413	0.269185
2414	0.26919
2415	0.269201
2416	0.269205
2417	0.269203
2418	0.269198
2419	0.269186
2420	0.269187
2421	0.269171
2422	0.269176
2423	0.269167
2424	0.269149
2425	0.26913
2426	0.269134
2427	0.269122
2428	0.26911
2429	0.269115
2430	0.269103
2431	0.269088
2432	0.269089
2433	0.269103
2434	0.269104
2435	0.269092
2436	0.269084
2437	0.269092
2438	0.269096
2439	0.269094
2440	0.269082
2441	0.269083
2442	0.269088
2443	0.269079
2444	0.269057
2445	0.269045
2446	0.269034
2447	0.269012
2448	0.269016
2449	0.269011
2450	0.268999
2451	0.268994
2452	0.268989
2453	0.269003
2454	0.26902
2455	0.269048
2456	0.269068
2457	0.269086
2458	0.26909
2459	0.269095
2460	0.269096
2461	0.269094
2462	0.269079
2463	0.269067
2464	0.269062
2465	0.269063
2466	0.269071
2467	0.269075
2468	0.269083
2469	0.269103
2470	0.269111
2471	0.269112
2472	0.26912
2473	0.269127
2474	0.269129
2475	0.26912
2476	0.269118
2477	0.269113
2478	0.269098
2479	0.269076
2480	0.269087
2481	0.269091
2482	0.269109
2483	0.269113
2484	0.269098
2485	0.269077
2486	0.269039
2487	0.269012
2488	0.26899
2489	0.268956
2490	0.268925
2491	0.268894
2492	0.268857
2493	0.268833
2494	0.268818
2495	0.268819
2496	0.268817
2497	0.268822
2498	0.268823
2499	0.268834
2500	0.268848
2501	0.268856
2502	0.26887
2503	0.268881
2504	0.268885
2505	0.268883
2506	0.268865
2507	0.268863
2508	0.268868
2509	0.268862
2510	0.268848
2511	0.268827
2512	0.268812
2513	0.268794
2514	0.26878
2515	0.268768
2516	0.268757
2517	0.268742
2518	0.268747
2519	0.268764
2520	0.268762
2521	0.26876
2522	0.268752
2523	0.26875
2524	0.268745
2525	0.26874
2526	0.268744
2527	0.268755
2528	0.268759
2529	0.268754
2530	0.268753
2531	0.268744
2532	0.268739
2533	0.268728
2534	0.268701
2535	0.268683
2536	0.268681
2537	0.268676
2538	0.26869
2539	0.268701
2540	0.268706
2541	0.26871
2542	0.268746
2543	0.268772
2544	0.268796
2545	0.268816
2546	0.268839
2547	0.268859
2548	0.268857
2549	0.268865
2550	0.268856
2551	0.268836
2552	0.268843
2553	0.268835
2554	0.268827
2555	0.268831
2556	0.268839
2557	0.268843
2558	0.268826
2559	0.268811
2560	0.268791
2561	0.268764
2562	0.268749
2563	0.268729
2564	0.268718
2565	0.268697
2566	0.268677
2567	0.26865
2568	0.268639
2569	0.268615
2570	0.26861
2571	0.268627
2572	0.268638
2573	0.268654
2574	0.268671
2575	0.268676
2576	0.268702
2577	0.268731
2578	0.26877
2579	0.268783
2580	0.2688
2581	0.268801
2582	0.268796
2583	0.268807
2584	0.268824
2585	0.268837
2586	0.268851
2587	0.268852
2588	0.268862
2589	0.268864
2590	0.268865
2591	0.268869
2592	0.268861
2593	0.268856
2594	0.268842
2595	0.268846
2596	0.268844
2597	0.268836
2598	0.268844
2599	0.268857
2600	0.268886
2601	0.268906
2602	0.268919
2603	0.268924
2604	0.268922
2605	0.268907
2606	0.268909
2607	0.26891
2608	0.268914
2609	0.268931
2610	0.268932
2611	0.26893
2612	0.268925
2613	0.268926
2614	0.26894
2615	0.268965
2616	0.268994
2617	0.269007
2618	0.269018
2619	0.268991
2620	0.26898
2621	0.268987
2622	0.268998
2623	0.26899
2624	0.268976
2625	0.268968
2626	0.268963
2627	0.268936
2628	0.268935
2629	0.26893
2630	0.268931
2631	0.268929
2632	0.268909
2633	0.268907
2634	0.268923
2635	0.268943
2636	0.26895
2637	0.268957
2638	0.268961
2639	0.268959
2640	0.268964
2641	0.268959
2642	0.26896
2643	0.268961
2644	0.268947
2645	0.26893
2646	0.268907
2647	0.268917
2648	0.268931
2649	0.268935
2650	0.268939
2651	0.268949
2652	0.268944
2653	0.268945
2654	0.268934
2655	0.268921
2656	0.268916
2657	0.268929
2658	0.268957
2659	0.268982
2660	0.269014
2661	0.269048
2662	0.269082
2663	0.269101
2664	0.269123
2665	0.269148
2666	0.269149
2667	0.269147
2668	0.269151
2669	0.269135
2670	0.269112
2671	0.269098
2672	0.269084
2673	0.269055
2674	0.269041
2675	0.26903
2676	0.269022
2677	0.268997
2678	0.268992
2679	0.268984
2680	0.268997
2681	0.268995
2682	0.268987
2683	0.268977
2684	0.268984
2685	0.268994
2686	0.26901
2687	0.269014
2688	0.268991
2689	0.268956
2690	0.268931
2691	0.268929
2692	0.26893
2693	0.268925
2694	0.268924
2695	0.268919
2696	0.268917
2697	0.26893
2698	0.268937
2699	0.26895
2700	0.268945
2701	0.268937
2702	0.268924
2703	0.268892
2704	0.268876
2705	0.268877
2706	0.268863
2707	0.268885
2708	0.268904
2709	0.268905
2710	0.268912
2711	0.268907
2712	0.2689
2713	0.268901
2714	0.268908
2715	0.268909
2716	0.268913
2717	0.26892
2718	0.268921
2719	0.268922
2720	0.268921
2721	0.268898
2722	0.268885
2723	0.26888
2724	0.268849
2725	0.268829
2726	0.268816
2727	0.268805
2728	0.268809
2729	0.268811
2730	0.268794
2731	0.268781
2732	0.268764
2733	0.268751
2734	0.268743
2735	0.268724
2736	0.268713
2737	0.268688
2738	0.268675
2739	0.268673
2740	0.268666
2741	0.268676
2742	0.268686
2743	0.268669
2744	0.268656
2745	0.268643
2746	0.268632
2747	0.268633
2748	0.268643
2749	0.26865
2750	0.268646
2751	0.268635
2752	0.268634
2753	0.268632
2754	0.268625
2755	0.268623
2756	0.268624
2757	0.268605
2758	0.268589
2759	0.268576
2760	0.268562
2761	0.268543
2762	0.268527
2763	0.268526
2764	0.268533
2765	0.268516
2766	0.268515
2767	0.268519
2768	0.268497
2769	0.268472
2770	0.268442
2771	0.268423
2772	0.268398
2773	0.268379
2774	0.268372
2775	0.26835
2776	0.26834
2777	0.268344
2778	0.268343
2779	0.268347
2780	0.268354
2781	0.26835
2782	0.268345
2783	0.268341
2784	0.268345
2785	0.268329
2786	0.268324
2787	0.268309
2788	0.26829
2789	0.26828
2790	0.268278
2791	0.268277
2792	0.268275
2793	0.268262
2794	0.268249
2795	0.268236
2796	0.268226
2797	0.268199
2798	0.268169
2799	0.268136
2800	0.268109
2801	0.268079
2802	0.268071
2803	0.268076
2804	0.26808
2805	0.268081
2806	0.268071
2807	0.268061
2808	0.268063
2809	0.268067
2810	0.268083
2811	0.268095
2812	0.268094
2813	0.268081
2814	0.268077
2815	0.268064
2816	0.26804
2817	0.26803
2818	0.268023
2819	0.268033
2820	0.268045
2821	0.268044
2822	0.268037
2823	0.268027
2824	0.268028
2825	0.268021
2826	0.268014
2827	0.268016
2828	0.268034
2829	0.268052
2830	0.268071
2831	0.268075
2832	0.268076
2833	0.268089
2834	0.268093
2835	0.268103
2836	0.268113
2837	0.268128
2838	0.268144
2839	0.268173
2840	0.268189
2841	0.268213
2842	0.268222
2843	0.268212
2844	0.268219
2845	0.268226
2846	0.268233
2847	0.268246
2848	0.268244
2849	0.26824
2850	0.268227
2851	0.268226
2852	0.268219
2853	0.268198
2854	0.268168
2855	0.26817
2856	0.268162
2857	0.268155
2858	0.268123
2859	0.268091
2860	0.268064
2861	0.268046
2862	0.268017
2863	0.26799
2864	0.267972
2865	0.267962
2866	0.267953
2867	0.267932
2868	0.267927
2869	0.267912
2870	0.2679
2871	0.267896
2872	0.267889
2873	0.267901
2874	0.267914
2875	0.267921
2876	0.267942
2877	0.267957
2878	0.267969
2879	0.267965
2880	0.267944
2881	0.267921
2882	0.267903
2883	0.267885
2884	0.26787
2885	0.267857
2886	0.267839
2887	0.267832
2888	0.26782
2889	0.26783
2890	0.267837
2891	0.267844
2892	0.267845
2893	0.267849
2894	0.267837
2895	0.26783
2896	0.267829
2897	0.267822
2898	0.267823
2899	0.267836
2900	0.267834
2901	0.267836
2902	0.267837
2903	0.267844
2904	0.267848
2905	0.267858
2906	0.267871
2907	0.267878
2908	0.267884
2909	0.267878
2910	0.267876
2911	0.26788
2912	0.267898
2913	0.267916
2914	0.267926
2915	0.267938
2916	0.267951
2917	0.267944
2918	0.267948
2919	0.267955
2920	0.267959
2921	0.267963
2922	0.267956
2923	0.267944
2924	0.26794
2925	0.267949
2926	0.267954
2927	0.267949
2928	0.267945
2929	0.267955
2930	0.267956
2931	0.26795
2932	0.267951
2933	0.26795
2934	0.267956
2935	0.267974
2936	0.267986
2937	0.268004
2938	0.268019
2939	0.26802
2940	0.268022
2941	0.26802
2942	0.268014
2943	0.26801
2944	0.268
2945	0.26799
2946	0.267997
2947	0.267999
2948	0.268
2949	0.268001
2950	0.268005
2951	0.268009
2952	0.268019
2953	0.268026
2954	0.268041
2955	0.268055
2956	0.268084
2957	0.26811
2958	0.26813
2959	0.268142
2960	0.268154
2961	0.268142
2962	0.268146
2963	0.268155
2964	0.268162
2965	0.268169
2966	0.268167
2967	0.268166
2968	0.268175
2969	0.268182
2970	0.268186
2971	0.26819
2972	0.26818
2973	0.268179
2974	0.268175
2975	0.268179
2976	0.268188
2977	0.268192
2978	0.268201
2979	0.268203
2980	0.268204
2981	0.268221
2982	0.268228
2983	0.268237
2984	0.268239
2985	0.268243
2986	0.268244
2987	0.26824
2988	0.268236
2989	0.268229
2990	0.268217
2991	0.268218
2992	0.268214
2993	0.268202
2994	0.268184
2995	0.26817
2996	0.268155
2997	0.268145
2998	0.268147
2999	0.268156
3000	0.268157
3001	0.268151
3002	0.268131
3003	0.268121
3004	0.268117
3005	0.268113
3006	0.268106
3007	0.268102
3008	0.268104
3009	0.26811
3010	0.268112
3011	0.268129
3012	0.268143
3013	0.268163
3014	0.268173
3015	0.268192
3016	0.268207
3017	0.268211
3018	0.268217
3019	0.268227
3020	0.268233
3021	0.26825
3022	0.268275
3023	0.268284
3024	0.268286
3025	0.2683
3026	0.268299
3027	0.268297
3028	0.268293
3029	0.268302
3030	0.268314
3031	0.268318
3032	0.268311
3033	0.268318
3034	0.26833
3035	0.268333
3036	0.268329
3037	0.268338
3038	0.268353
3039	0.268357
3040	0.268363
3041	0.268362
3042	0.26836
3043	0.268364
3044	0.268376
3045	0.268374
3046	0.268373
3047	0.268377
3048	0.268381
3049	0.268377
3050	0.268372
3051	0.268374
3052	0.26837
3053	0.268368
3054	0.268377
3055	0.268376
3056	0.268382
3057	0.268391
3058	0.268405
3059	0.268401
3060	0.2684
3061	0.268401
3062	0.268408
3063	0.268422
3064	0.268423
3065	0.26844
3066	0.268451
3067	0.268455
3068	0.268464
3069	0.268468
3070	0.268474
3071	0.268481
3072	0.268477
3073	0.268465
3074	0.26844
3075	0.268418
3076	0.268408
3077	0.268394
3078	0.268387
3079	0.268386
3080	0.268384
3081	0.268393
3082	0.268395
3083	0.268401
3084	0.268407
3085	0.268424
3086	0.268425
3087	0.268434
3088	0.268438
3089	0.268452
3090	0.268432
3091	0.268408
3092	0.268383
3093	0.268363
3094	0.268352
3095	0.268337
3096	0.268333
3097	0.268337
3098	0.268349
3099	0.268345
3100	0.268343
3101	0.268334
3102	0.268312
3103	0.268295
3104	0.268294
3105	0.268285
3106	0.268281
3107	0.26829
3108	0.268293
3109	0.268297
3110	0.268296
3111	0.268287
3112	0.268275
3113	0.268269
3114	0.268265
3115	0.268256
3116	0.268254
3117	0.268255
3118	0.268257
3119	0.268253
3120	0.268249
3121	0.268258
3122	0.268279
3123	0.268293
3124	0.268302
3125	0.268296
3126	0.268292
3127	0.268298
3128	0.268297
3129	0.268295
3130	0.268279
3131	0.268277
3132	0.268289
3133	0.268285
3134	0.268299
3135	0.268305
3136	0.268304
3137	0.268292
3138	0.268288
3139	0.268279
3140	0.268262
3141	0.268243
3142	0.268224
3143	0.268225
3144	0.268221
3145	0.26821
3146	0.268198
3147	0.268205
3148	0.268188
3149	0.268159
3150	0.268147
3151	0.268131
3152	0.268119
3153	0.268113
3154	0.268107
3155	0.26812
3156	0.268137
3157	0.268138
3158	0.268137
3159	0.268143
3160	0.268152
3161	0.268151
3162	0.268167
3163	0.268178
3164	0.268174
3165	0.268176
3166	0.268179
3167	0.268181
3168	0.268194
3169	0.268203
3170	0.268215
3171	0.268241
3172	0.26826
3173	0.268274
3174	0.268282
3175	0.268286
3176	0.26828
3177	0.268291
3178	0.268302
3179	0.268318
3180	0.268337
3181	0.268341
3182	0.268327
3183	0.26831
3184	0.268291
3185	0.268265
3186	0.268249
3187	0.268225
3188	0.268203
3189	0.268199
3190	0.268193
3191	0.268192
3192	0.268206
3193	0.268207
3194	0.268208
3195	0.268219
3196	0.268218
3197	0.268206
3198	0.268198
3199	0.268194
3200	0.26819
3201	0.268194
3202	0.268207
3203	0.268209
3204	0.268212
3205	0.268216
3206	0.268222
3207	0.268221
3208	0.268237
3209	0.268236
3210	0.268234
3211	0.268238
3212	0.268229
3213	0.268218
3214	0.268207
3215	0.268185
3216	0.268154
3217	0.268141
3218	0.268114
3219	0.268093
3220	0.268072
3221	0.268058
3222	0.268062
3223	0.268056
3224	0.268045
3225	0.268043
3226	0.268042
3227	0.268021
3228	0.268025
3229	0.268026
3230	0.268032
3231	0.268038
3232	0.26803
3233	0.268036
3234	0.268042
3235	0.268041
3236	0.268044
3237	0.268051
3238	0.26804
3239	0.268026
3240	0.268012
3241	0.267999
3242	0.267993
3243	0.267974
3244	0.267958
3245	0.267942
3246	0.267921
3247	0.267915
3248	0.267921
3249	0.267913
3250	0.267909
3251	0.267893
3252	0.267887
3253	0.267854
3254	0.267845
3255	0.267837
3256	0.26784
3257	0.267851
3258	0.267862
3259	0.267891
3260	0.267914
3261	0.267923
3262	0.267917
3263	0.267896
3264	0.267885
3265	0.267869
3266	0.267853
3267	0.267852
3268	0.267856
3269	0.267835
3270	0.267829
3271	0.267828
3272	0.267824
3273	0.267828
3274	0.267841
3275	0.267845
3276	0.267846
3277	0.26786
3278	0.267878
3279	0.267891
3280	0.26788
3281	0.267877
3282	0.267861
3283	0.267843
3284	0.267825
3285	0.267806
3286	0.2678
3287	0.267809
3288	0.26782
3289	0.267836
3290	0.267847
3291	0.267853
3292	0.267861
3293	0.26786
3294	0.267866
3295	0.267873
3296	0.267867
3297	0.26786
3298	0.267854
3299	0.267858
3300	0.267864
3301	0.267868
3302	0.267879
3303	0.267883
3304	0.267879
3305	0.267868
3306	0.267874
3307	0.267892
3308	0.267906
3309	0.267936
3310	0.267966
3311	0.267989
3312	0.268
3313	0.267999
3314	0.268005
3315	0.268016
3316	0.268031
3317	0.268037
3318	0.268053
3319	0.268057
3320	0.26806
3321	0.268071
3322	0.26806
3323	0.268045
3324	0.268031
3325	0.268025
3326	0.268034
3327	0.26804
3328	0.268036
3329	0.268044
3330	0.268048
3331	0.268061
3332	0.268077
3333	0.26808
3334	0.268086
3335	0.268085
3336	0.268077
3337	0.268071
3338	0.268072
3339	0.268073
3340	0.268077
3341	0.268085
3342	0.268089
3343	0.268083
3344	0.268084
3345	0.268097
3346	0.268112
3347	0.268128
3348	0.268141
3349	0.268159
3350	0.268181
3351	0.268204
3352	0.268229
3353	0.268249
3354	0.26826
3355	0.268261
3356	0.268269
3357	0.268282
3358	0.268262
3359	0.268249
3360	0.26825
3361	0.268242
3362	0.268233
3363	0.268227
3364	0.268228
3365	0.268222
3366	0.268226
3367	0.268234
3368	0.268252
3369	0.268248
3370	0.268254
3371	0.268248
3372	0.268251
3373	0.268253
3374	0.268247
3375	0.268245
3376	0.268244
3377	0.268243
3378	0.268256
3379	0.268278
3380	0.268305
3381	0.268332
3382	0.26835
3383	0.268361
3384	0.268376
3385	0.268386
3386	0.268399
3387	0.268398
3388	0.268394
3389	0.268398
3390	0.268401
3391	0.268398
3392	0.268392
3393	0.268383
3394	0.268375
3395	0.268371
3396	0.268377
3397	0.26838
3398	0.268381
3399	0.268385
3400	0.268379
3401	0.268361
3402	0.268348
3403	0.26833
3404	0.268315
3405	0.268302
3406	0.268294
3407	0.268288
3408	0.268277
3409	0.268264
3410	0.268253
3411	0.268236
3412	0.26823
3413	0.268231
3414	0.268241
3415	0.26824
3416	0.26823
3417	0.268217
3418	0.268206
3419	0.268195
3420	0.268189
3421	0.268177
3422	0.268159
3423	0.268144
3424	0.268129
3425	0.268123
3426	0.268119
3427	0.268109
3428	0.268096
3429	0.268101
3430	0.268105
3431	0.268113
3432	0.268114
3433	0.268122
3434	0.268123
3435	0.26812
3436	0.268116
3437	0.268125
3438	0.268114
3439	0.268108
3440	0.2681
3441	0.268094
3442	0.268112
3443	0.268129
3444	0.268125
3445	0.268117
3446	0.268104
3447	0.268094
3448	0.268088
3449	0.268087
3450	0.26807
3451	0.26805
3452	0.26803
3453	0.268008
3454	0.267993
3455	0.267987
3456	0.267977
3457	0.267969
3458	0.267956
3459	0.267943
3460	0.267954
3461	0.267962
3462	0.267961
3463	0.267962
3464	0.267968
3465	0.267973
3466	0.267977
3467	0.267967
3468	0.267952
3469	0.267953
3470	0.267954
3471	0.267939
3472	0.267952
3473	0.267964
3474	0.267979
3475	0.267997
3476	0.268025
3477	0.268052
3478	0.268076
3479	0.268105
3480	0.268143
3481	0.26816
3482	0.268179
3483	0.268187
3484	0.268202
3485	0.268224
3486	0.268255
3487	0.268274
3488	0.2683
3489	0.268322
3490	0.268337
3491	0.268356
3492	0.268369
3493	0.26839
3494	0.268398
3495	0.268413
3496	0.26843
3497	0.268443
3498	0.268448
3499	0.268442
3500	0.268437
3501	0.268433
3502	0.26842
3503	0.26841
3504	0.268402
3505	0.268394
3506	0.268392
3507	0.268405
3508	0.268408
3509	0.268398
3510	0.268392
3511	0.268384
3512	0.268378
3513	0.268365
3514	0.268355
3515	0.268352
3516	0.268355
3517	0.268363
3518	0.268375
3519	0.26839
3520	0.2684
3521	0.268401
3522	0.268404
3523	0.268419
3524	0.268429
3525	0.268439
3526	0.268454
3527	0.268473
3528	0.268485
3529	0.268493
3530	0.268496
3531	0.268495
3532	0.268485
3533	0.268481
3534	0.268469
3535	0.268456
3536	0.268459
3537	0.268465
3538	0.268468
3539	0.268478
3540	0.268486
3541	0.268487
3542	0.26849
3543	0.268482
3544	0.268472
3545	0.268475
3546	0.268487
3547	0.268506
3548	0.268523
3549	0.268533
3550	0.268539
3551	0.268535
3552	0.268518
3553	0.268512
3554	0.2685
3555	0.268485
3556	0.268472
3557	0.268469
3558	0.268486
3559	0.268498
3560	0.268515
3561	0.268538
3562	0.268566
3563	0.268578
3564	0.268588
3565	0.268591
3566	0.268588
3567	0.268575
3568	0.268567
3569	0.268546
3570	0.268524
3571	0.268505
3572	0.268502
3573	0.268512
3574	0.268515
3575	0.268507
3576	0.268508
3577	0.2685
3578	0.268505
3579	0.268509
3580	0.268512
3581	0.268504
3582	0.268494
3583	0.268488
3584	0.268489
3585	0.268485
3586	0.268484
3587	0.268461
3588	0.268437
3589	0.268431
3590	0.268419
3591	0.268404
3592	0.268401
3593	0.268393
3594	0.268394
3595	0.268393
3596	0.268403
3597	0.268413
3598	0.268416
3599	0.268421
3600	0.26842
3601	0.268419
3602	0.268424
3603	0.268427
3604	0.268415
3605	0.268405
3606	0.268393
3607	0.268385
3608	0.268366
3609	0.268354
3610	0.268346
3611	0.268347
3612	0.268346
3613	0.268351
3614	0.268354
3615	0.268362
3616	0.268383
3617	0.268412
3618	0.268444
3619	0.268459
3620	0.26848
3621	0.2685
3622	0.26851
3623	0.26852
3624	0.268532
3625	0.268526
3626	0.268518
3627	0.268513
3628	0.268505
3629	0.26851
3630	0.268516
3631	0.268517
3632	0.268522
3633	0.268523
3634	0.268524
3635	0.268527
3636	0.268539
3637	0.268542
3638	0.268541
3639	0.268533
3640	0.268541
3641	0.268548
3642	0.268549
3643	0.268554
3644	0.268569
3645	0.268574
3646	0.268581
3647	0.268598
3648	0.268612
3649	0.268619
3650	0.268625
3651	0.26863
3652	0.268651
3653	0.268658
3654	0.268661
3655	0.268651
3656	0.268632
3657	0.268625
3658	0.268621
3659	0.26862
3660	0.268627
3661	0.26863
3662	0.268631
3663	0.268637
3664	0.268638
3665	0.268625
3666	0.268624
3667	0.268625
3668	0.26863
3669	0.268625
3670	0.268621
3671	0.268618
3672	0.268617
3673	0.268617
3674	0.268618
3675	0.268626
3676	0.268625
3677	0.26863
3678	0.268633
3679	0.268653
3680	0.268667
3681	0.268666
3682	0.268674
3683	0.268677
3684	0.268684
3685	0.268702
3686	0.268723
3687	0.26875
3688	0.268761
3689	0.268775
3690	0.268796
3691	0.268818
3692	0.268839
3693	0.268855
3694	0.268864
3695	0.268878
3696	0.268885
3697	0.268888
3698	0.268883
3699	0.268886
3700	0.268886
3701	0.268872
3702	0.268864
3703	0.268859
3704	0.268857
3705	0.268869
3706	0.268881
3707	0.268897
3708	0.268923
3709	0.268957
3710	0.268975
3711	0.268984
3712	0.268987
3713	0.268994
3714	0.269019
3715	0.26903
3716	0.269031
3717	0.269041
3718	0.269035
3719	0.269036
3720	0.269039
3721	0.269042
3722	0.269038
3723	0.269035
3724	0.269035
3725	0.26903
3726	0.269033
3727	0.269042
3728	0.269041
3729	0.269037
3730	0.269038
3731	0.269035
3732	0.269042
3733	0.269043
3734	0.269043
3735	0.269053
3736	0.26906
3737	0.269059
3738	0.269055
3739	0.269047
3740	0.269052
3741	0.269047
3742	0.269045
3743	0.269057
3744	0.269051
3745	0.269056
3746	0.269072
3747	0.269086
3748	0.269099
3749	0.269121
3750	0.269143
3751	0.269151
3752	0.269139
3753	0.269137
3754	0.269142
3755	0.269147
3756	0.269161
3757	0.269176
3758	0.269177
3759	0.269174
3760	0.269181
3761	0.269192
3762	0.269204
3763	0.269217
3764	0.269226
3765	0.269238
3766	0.269249
3767	0.269267
3768	0.26928
3769	0.269289
3770	0.269294
3771	0.269289
3772	0.269281
3773	0.269277
3774	0.269276
3775	0.269281
3776	0.269288
3777	0.269304
3778	0.269319
3779	0.269328
3780	0.269327
3781	0.269332
3782	0.269341
3783	0.269359
3784	0.26937
3785	0.269385
3786	0.269388
3787	0.269381
3788	0.269373
3789	0.269359
3790	0.269351
3791	0.269347
3792	0.269348
3793	0.269334
3794	0.269335
3795	0.269335
3796	0.269334
3797	0.269335
3798	0.269323
3799	0.269321
3800	0.26932
3801	0.269327
3802	0.269334
3803	0.269337
3804	0.269338
3805	0.26934
3806	0.269354
3807	0.269371
3808	0.269391
3809	0.2694
3810	0.269413
3811	0.269422
3812	0.269438
3813	0.269453
3814	0.26946
3815	0.269454
3816	0.269449
3817	0.269445
3818	0.269442
3819	0.269438
3820	0.269441
3821	0.269437
3822	0.269436
3823	0.269434
3824	0.269418
3825	0.269413
3826	0.269401
3827	0.269385
3828	0.269388
3829	0.26938
3830	0.269374
3831	0.269367
3832	0.269363
3833	0.269364
3834	0.269371
3835	0.269372
3836	0.26937
3837	0.269369
3838	0.269374
3839	0.269372
3840	0.269363
3841	0.269357
3842	0.269347
3843	0.269352
3844	0.269344
3845	0.269337
3846	0.269331
3847	0.26933
3848	0.269324
3849	0.269323
3850	0.269317
3851	0.269306
3852	0.269296
3853	0.269286
3854	0.269279
3855	0.269275
3856	0.26927
3857	0.269262
3858	0.269252
3859	0.269235
3860	0.269212
3861	0.269199
3862	0.269187
3863	0.269161
3864	0.26913
3865	0.269104
3866	0.269076
3867	0.269048
3868	0.26904
3869	0.269033
3870	0.269023
3871	0.26901
3872	0.268998
3873	0.268986
3874	0.268971
3875	0.268949
3876	0.268921
3877	0.268895
3878	0.268873
3879	0.268842
3880	0.268835
3881	0.268819
3882	0.268806
3883	0.268788
3884	0.26877
3885	0.268763
3886	0.268758
3887	0.268754
3888	0.268767
3889	0.268768
3890	0.268767
3891	0.268768
3892	0.268771
3893	0.26878
3894	0.268781
3895	0.268784
3896	0.268789
3897	0.268787
3898	0.268784
3899	0.268779
3900	0.268757
3901	0.268739
3902	0.268736
3903	0.268749
3904	0.268756
3905	0.268751
3906	0.26875
3907	0.268761
3908	0.268764
3909	0.268777
3910	0.268782
3911	0.26878
3912	0.268779
3913	0.268782
3914	0.268781
3915	0.268771
3916	0.268748
3917	0.268728
3918	0.268704
3919	0.268681
3920	0.268663
3921	0.268648
3922	0.268636
3923	0.268629
3924	0.268634
3925	0.268637
3926	0.268644
3927	0.268647
3928	0.268652
3929	0.268642
3930	0.268623
3931	0.268614
3932	0.268608
3933	0.268603
3934	0.268606
3935	0.268625
3936	0.268648
3937	0.268659
3938	0.268668
3939	0.268669
3940	0.268664
3941	0.268655
3942	0.268649
3943	0.268646
3944	0.268643
3945	0.268644
3946	0.268645
3947	0.268658
3948	0.268665
3949	0.268676
3950	0.268676
3951	0.268675
3952	0.26867
3953	0.268665
3954	0.268664
3955	0.268646
3956	0.268635
3957	0.268632
3958	0.268618
3959	0.268605
3960	0.268592
3961	0.268579
3962	0.268571
3963	0.268568
3964	0.268585
3965	0.268604
3966	0.268623
3967	0.268642
3968	0.268667
3969	0.268684
3970	0.268699
3971	0.268702
3972	0.268697
3973	0.268684
3974	0.268672
3975	0.268663
3976	0.268668
3977	0.268673
3978	0.268682
3979	0.268695
3980	0.268708
3981	0.268714
3982	0.268711
3983	0.268692
3984	0.268675
3985	0.268659
3986	0.268646
3987	0.268623
3988	0.268588
3989	0.268571
3990	0.268555
3991	0.268548
3992	0.268535
3993	0.268526
3994	0.268535
3995	0.268546
3996	0.268551
3997	0.268553
3998	0.268566
3999	0.268573
4000	0.268582
4001	0.268583
4002	0.26859
4003	0.268591
4004	0.268599
4005	0.268606
4006	0.268607
4007	0.26862
4008	0.268629
4009	0.268644
4010	0.268652
4011	0.268651
4012	0.268648
4013	0.268641
4014	0.268624
4015	0.268617
4016	0.268594
4017	0.268579
4018	0.268561
4019	0.268542
4020	0.268523
4021	0.268524
4022	0.268511
4023	0.2685
4024	0.268477
4025	0.268464
4026	0.268463
4027	0.268462
4028	0.268463
4029	0.26846
4030	0.268459
4031	0.268475
4032	0.268486
4033	0.268491
4034	0.268476
4035	0.268477
4036	0.268492
4037	0.26849
4038	0.268479
4039	0.268468
4040	0.26845
4041	0.268439
4042	0.268422
4043	0.268407
4044	0.268402
4045	0.268402
4046	0.268405
4047	0.268404
4048	0.268413
4049	0.268416
4050	0.268421
4051	0.268422
4052	0.268419
4053	0.268419
4054	0.268418
4055	0.268423
4056	0.268444
4057	0.26846
4058	0.268465
4059	0.268472
4060	0.268469
4061	0.268474
4062	0.268471
4063	0.268476
4064	0.268474
4065	0.268475
4066	0.268474
4067	0.268471
4068	0.26847
4069	0.268473
4070	0.26847
4071	0.268457
4072	0.268444
4073	0.268439
4074	0.268434
4075	0.268433
4076	0.26843
4077	0.268417
4078	0.26841
4079	0.268401
4080	0.268402
4081	0.268393
4082	0.26838
4083	0.268371
4084	0.268378
4085	0.268383
4086	0.268405
4087	0.268412
4088	0.268419
4089	0.268427
4090	0.26844
4091	0.268447
4092	0.268456
4093	0.26846
4094	0.268471
4095	0.268476
4096	0.268486
4097	0.268491
4098	0.26849
4099	0.268495
4100	0.26849
4101	0.268496
4102	0.268491
4103	0.26849
4104	0.268491
4105	0.268494
4106	0.268505
4107	0.268515
4108	0.26852
4109	0.268534
4110	0.268555
4111	0.268559
4112	0.268558
4113	0.268563
4114	0.268576
4115	0.268584
4116	0.268585
4117	0.268596
4118	0.268593
4119	0.268599
4120	0.268602
4121	0.268587
4122	0.268574
4123	0.268571
4124	0.26857
4125	0.268587
4126	0.268603
4127	0.268629
4128	0.26864
4129	0.268648
4130	0.268653
4131	0.26865
4132	0.268651
4133	0.268651
4134	0.26866
4135	0.268661
4136	0.268665
4137	0.268664
4138	0.268661
4139	0.268658
4140	0.268667
4141	0.268681
4142	0.268697
4143	0.268708
4144	0.268722
4145	0.268727
4146	0.268731
4147	0.268726
4148	0.268729
4149	0.268732
4150	0.268744
4151	0.268751
4152	0.268751
4153	0.268746
4154	0.268741
4155	0.268729
4156	0.26872
4157	0.268719
4158	0.26871
4159	0.268717
4160	0.268723
4161	0.268722
4162	0.268719
4163	0.26872
4164	0.26872
4165	0.268717
4166	0.268718
4167	0.268707
4168	0.268695
4169	0.26868
4170	0.268666
4171	0.26864
4172	0.268629
4173	0.268632
4174	0.268632
4175	0.268639
4176	0.268642
4177	0.268644
4178	0.268657
4179	0.268663
4180	0.268672
4181	0.26868
4182	0.268689
4183	0.268707
4184	0.268709
4185	0.268727
4186	0.268738
4187	0.268742
4188	0.268747
4189	0.268753
4190	0.26875
4191	0.268759
4192	0.26876
4193	0.26877
4194	0.268778
4195	0.268783
4196	0.268791
4197	0.268784
4198	0.268766
4199	0.268752
4200	0.268745
4201	0.268751
4202	0.268748
4203	0.268745
4204	0.268744
4205	0.268741
4206	0.268744
4207	0.268743
4208	0.268749
4209	0.268759
4210	0.268775
4211	0.268797
4212	0.268819
4213	0.268825
4214	0.268822
4215	0.268834
4216	0.268848
4217	0.268858
4218	0.268867
4219	0.268883
4220	0.268887
4221	0.268896
4222	0.268906
4223	0.268903
4224	0.2689
4225	0.26891
4226	0.268931
4227	0.268951
4228	0.268978
4229	0.26899
4230	0.269006
4231	0.269014
4232	0.269011
4233	0.26901
4234	0.269001
4235	0.268991
4236	0.268992
4237	0.268988
4238	0.268976
4239	0.268962
4240	0.268943
4241	0.268938
4242	0.268939
4243	0.268946
4244	0.268952
4245	0.26897
4246	0.268987
4247	0.269001
4248	0.269011
4249	0.269016
4250	0.269028
4251	0.269025
4252	0.26902
4253	0.269015
4254	0.269014
4255	0.26902
4256	0.269024
4257	0.269025
4258	0.26903
4259	0.26903
4260	0.269023
4261	0.269022
4262	0.269029
4263	0.269035
4264	0.269038
4265	0.269029
4266	0.26902
4267	0.269023
4268	0.269022
4269	0.269024
4270	0.269019
4271	0.269003
4272	0.268981
4273	0.26896
4274	0.268953
4275	0.268953
4276	0.268956
4277	0.268947
4278	0.268939
4279	0.268925
4280	0.26892
4281	0.268913
4282	0.268914
4283	0.268914
4284	0.268919
4285	0.268918
4286	0.268926
4287	0.268932
4288	0.268935
4289	0.268932
4290	0.268929
4291	0.268918
4292	0.268908
4293	0.268895
4294	0.268896
4295	0.268888
4296	0.268879
4297	0.268861
4298	0.268849
4299	0.268846
4300	0.268845
4301	0.268855
4302	0.268867
4303	0.268877
4304	0.26889
4305	0.268911
4306	0.268922
4307	0.268917
4308	0.268921
4309	0.268927
4310	0.268934
4311	0.268932
4312	0.268929
4313	0.268915
4314	0.268903
4315	0.268889
4316	0.268882
4317	0.268883
4318	0.268882
4319	0.268879
4320	0.268878
4321	0.268884
4322	0.268896
4323	0.268911
4324	0.26892
4325	0.268922
4326	0.268923
4327	0.26892
4328	0.268911
4329	0.268905
4330	0.268909
4331	0.268906
4332	0.268914
4333	0.268933
4334	0.268945
4335	0.268955
4336	0.268956
4337	0.268945
4338	0.268948
4339	0.26895
4340	0.268953
4341	0.268956
4342	0.268953
4343	0.268953
4344	0.268965
4345	0.26898
4346	0.268988
4347	0.268986
4348	0.268983
4349	0.268987
4350	0.268984
4351	0.268988
4352	0.26898
4353	0.268975
4354	0.268963
4355	0.268965
4356	0.268968
4357	0.26897
4358	0.268977
4359	0.268974
4360	0.268972
4361	0.268966
4362	0.268961
4363	0.268956
4364	0.268948
4365	0.268943
4366	0.26896
4367	0.268977
4368	0.268985
4369	0.268995
4370	0.269003
4371	0.269013
4372	0.269023
4373	0.269033
4374	0.269033
4375	0.269036
4376	0.269042
4377	0.269052
4378	0.269062
4379	0.269077
4380	0.269096
4381	0.269106
4382	0.269119
4383	0.269142
4384	0.269157
4385	0.269167
4386	0.269178
4387	0.269184
4388	0.269191
4389	0.269195
4390	0.269192
4391	0.2692
4392	0.269202
4393	0.269203
4394	0.269202
4395	0.269197
4396	0.269201
4397	0.269202
4398	0.269202
4399	0.269198
4400	0.269193
4401	0.269199
4402	0.269196
4403	0.269196
4404	0.269201
4405	0.269196
4406	0.269202
4407	0.269208
4408	0.269212
4409	0.269215
4410	0.269224
4411	0.269227
4412	0.269226
4413	0.26923
4414	0.269256
4415	0.269269
4416	0.269279
4417	0.26929
4418	0.269287
4419	0.269281
4420	0.269278
4421	0.269269
4422	0.26927
4423	0.269271
4424	0.269269
4425	0.269279
4426	0.26928
4427	0.269293
4428	0.269301
4429	0.269307
4430	0.269311
4431	0.26931
4432	0.269309
4433	0.2693
4434	0.269299
4435	0.269307
4436	0.269309
4437	0.26931
4438	0.269312
4439	0.269327
4440	0.269337
4441	0.269343
4442	0.269358
4443	0.269357
4444	0.269356
4445	0.26936
4446	0.269357
4447	0.269361
4448	0.269367
4449	0.269373
4450	0.269373
4451	0.26937
4452	0.269362
4453	0.269354
4454	0.269356
4455	0.26936
4456	0.269355
4457	0.269361
4458	0.26936
4459	0.269364
4460	0.269374
4461	0.269389
4462	0.269391
4463	0.269394
4464	0.269398
4465	0.269402
4466	0.269401
4467	0.2694
4468	0.269404
4469	0.269403
4470	0.269391
4471	0.269384
4472	0.269383
4473	0.269391
4474	0.269388
4475	0.269379
4476	0.269374
4477	0.269371
4478	0.269368
4479	0.269367
4480	0.269366
4481	0.269361
4482	0.269374
4483	0.269377
4484	0.269376
4485	0.269371
4486	0.26937
4487	0.269374
4488	0.269378
4489	0.269389
4490	0.269384
4491	0.269389
4492	0.269393
4493	0.269393
4494	0.269394
4495	0.269394
4496	0.269402
4497	0.269404
4498	0.269405
4499	0.269404
4500	0.269413
4501	0.269428
4502	0.269438
4503	0.269447
4504	0.269442
4505	0.269434
4506	0.269431
4507	0.269421
4508	0.269416
4509	0.269411
4510	0.269417
4511	0.269423
4512	0.269424
4513	0.269423
4514	0.269425
4515	0.269422
4516	0.26941
4517	0.269395
4518	0.269394
4519	0.269396
4520	0.269411
4521	0.26942
4522	0.269428
4523	0.269432
4524	0.269431
4525	0.269422
4526	0.269416
4527	0.269409
4528	0.269405
4529	0.269403
4530	0.269397
4531	0.269397
4532	0.269395
4533	0.2694
4534	0.269397
4535	0.269396
4536	0.269393
4537	0.269392
4538	0.269396
4539	0.269411
4540	0.269427
4541	0.269435
4542	0.269437
4543	0.269445
4544	0.269449
4545	0.269451
4546	0.269448
4547	0.269447
4548	0.269451
4549	0.269473
4550	0.269486
4551	0.269497
4552	0.269503
4553	0.269515
4554	0.269528
4555	0.269536
4556	0.269543
4557	0.269544
4558	0.269539
4559	0.269538
4560	0.269537
4561	0.269544
4562	0.269552
4563	0.269556
4564	0.269564
4565	0.269571
4566	0.269577
4567	0.269579
4568	0.269585
4569	0.269596
4570	0.2696
4571	0.269595
4572	0.269601
4573	0.269595
4574	0.269593
4575	0.269589
4576	0.269577
4577	0.269569
4578	0.269554
4579	0.269542
4580	0.269525
4581	0.269503
4582	0.269488
4583	0.269465
4584	0.269443
4585	0.269425
4586	0.269411
4587	0.269403
4588	0.269393
4589	0.269387
4590	0.269373
4591	0.269362
4592	0.269347
4593	0.269332
4594	0.269313
4595	0.269296
4596	0.269283
4597	0.269261
4598	0.269241
4599	0.269227
4600	0.269212
4601	0.269208
4602	0.269208
4603	0.269217
4604	0.269228
4605	0.269234
4606	0.269238
4607	0.269241
4608	0.269248
4609	0.269256
4610	0.269269
4611	0.269274
4612	0.269282
4613	0.269277
4614	0.269273
4615	0.269273
4616	0.269276
4617	0.269273
4618	0.269263
4619	0.269263
4620	0.26925
4621	0.269239
4622	0.269234
4623	0.269238
4624	0.269234
4625	0.269234
4626	0.269223
4627	0.269218
4628	0.269222
4629	0.269228
4630	0.269232
4631	0.269226
4632	0.269221
4633	0.269215
4634	0.269215
4635	0.269216
4636	0.26922
4637	0.269224
4638	0.269221
4639	0.269225
4640	0.269224
4641	0.26923
4642	0.269239
4643	0.269259
4644	0.269266
4645	0.269275
4646	0.269283
4647	0.269287
4648	0.269291
4649	0.269288
4650	0.269285
4651	0.269281
4652	0.269273
4653	0.269268
4654	0.269267
4655	0.269269
4656	0.269275
4657	0.269269
4658	0.269269
4659	0.26927
4660	0.269276
4661	0.269273
4662	0.269277
4663	0.269282
4664	0.269278
4665	0.26927
4666	0.269262
4667	0.269259
4668	0.269248
4669	0.269235
4670	0.269218
4671	0.269213
4672	0.2692
4673	0.269187
4674	0.269183
4675	0.269182
4676	0.269186
4677	0.269188
4678	0.269183
4679	0.269184
4680	0.269186
4681	0.269187
4682	0.269188
4683	0.269192
4684	0.269199
4685	0.269201
4686	0.2692
4687	0.269206
4688	0.269205
4689	0.269205
4690	0.269211
4691	0.269212
4692	0.269224
4693	0.269237
4694	0.269244
4695	0.269255
4696	0.269266
4697	0.269271
4698	0.269284
4699	0.269293
4700	0.269294
4701	0.269287
4702	0.269286
4703	0.26929
4704	0.269304
4705	0.269312
4706	0.269306
4707	0.269296
4708	0.269288
4709	0.26929
4710	0.269294
4711	0.269285
4712	0.26928
4713	0.269272
4714	0.269273
4715	0.269268
4716	0.269262
4717	0.269261
4718	0.269268
4719	0.269269
4720	0.269263
4721	0.26926
4722	0.26925
4723	0.269244
4724	0.269223
4725	0.269198
4726	0.26918
4727	0.269167
4728	0.269159
4729	0.269148
4730	0.269142
4731	0.269135
4732	0.269134
4733	0.269138
4734	0.269146
4735	0.269146
4736	0.269145
4737	0.269142
4738	0.269145
4739	0.269134
4740	0.269131
4741	0.269138
4742	0.269152
4743	0.269178
4744	0.269194
4745	0.269208
4746	0.269214
4747	0.269228
4748	0.269242
4749	0.269258
4750	0.269267
4751	0.269272
4752	0.269279
4753	0.269283
4754	0.269292
4755	0.269301
4756	0.269304
4757	0.269304
4758	0.269306
4759	0.269307
4760	0.269313
4761	0.269318
4762	0.26932
4763	0.269319
4764	0.269312
4765	0.269304
4766	0.269301
4767	0.269293
4768	0.269285
4769	0.269286
4770	0.26929
4771	0.269284
4772	0.269284
4773	0.269286
4774	0.269287
4775	0.269281
4776	0.269276
4777	0.269272
4778	0.269264
4779	0.269256
4780	0.269254
4781	0.269241
4782	0.26923
4783	0.269215
4784	0.269204
4785	0.2692
4786	0.269187
4787	0.269181
4788	0.269175
4789	0.269169
4790	0.269164
4791	0.269161
4792	0.269167
4793	0.269171
4794	0.269165
4795	0.26916
4796	0.269154
4797	0.26915
4798	0.269145
4799	0.269134
4800	0.269135
4801	0.269126
4802	0.26912
4803	0.26911
4804	0.269104
4805	0.269106
4806	0.269112
4807	0.269119
4808	0.269128
4809	0.269135
4810	0.269151
4811	0.269165
4812	0.26917
4813	0.269178
4814	0.269188
4815	0.26919
4816	0.269193
4817	0.2692
4818	0.269209
4819	0.269216
4820	0.26923
4821	0.269229
4822	0.269234
4823	0.269237
4824	0.269235
4825	0.269241
4826	0.269255
4827	0.269267
4828	0.269283
4829	0.269288
4830	0.269292
4831	0.269294
4832	0.269293
4833	0.269289
4834	0.269291
4835	0.269298
4836	0.269294
4837	0.269291
4838	0.26929
4839	0.269285
4840	0.269281
4841	0.26928
4842	0.269262
4843	0.269253
4844	0.269247
4845	0.269251
4846	0.26925
4847	0.269242
4848	0.269228
4849	0.26923
4850	0.269226
4851	0.269223
4852	0.269222
4853	0.269219
4854	0.269226
4855	0.269223
4856	0.269208
4857	0.269197
4858	0.269189
4859	0.26918
4860	0.269164
4861	0.269154
4862	0.269148
4863	0.269149
4864	0.269141
4865	0.269144
4866	0.269141
4867	0.269142
4868	0.269136
4869	0.269123
4870	0.269117
4871	0.269113
4872	0.269113
4873	0.269102
4874	0.2691
4875	0.2691
4876	0.269104
4877	0.269106
4878	0.269112
4879	0.269108
4880	0.269102
4881	0.269101
4882	0.269095
4883	0.269089
4884	0.269078
4885	0.269077
4886	0.269082
4887	0.269081
4888	0.269072
4889	0.269071
4890	0.269081
4891	0.269092
4892	0.269092
4893	0.269093
4894	0.26909
4895	0.269081
4896	0.26907
4897	0.269058
4898	0.269042
4899	0.26903
4900	0.269024
4901	0.269011
4902	0.269015
4903	0.269012
4904	0.269005
4905	0.268997
4906	0.268996
4907	0.268984
4908	0.268973
4909	0.268967
4910	0.268966
4911	0.268955
4912	0.268945
4913	0.268935
4914	0.268928
4915	0.268919
4916	0.268916
4917	0.268917
4918	0.268908
4919	0.26891
4920	0.268904
4921	0.268895
4922	0.268889
4923	0.268895
4924	0.268889
4925	0.268878
4926	0.268879
4927	0.268878
4928	0.268869
4929	0.268856
4930	0.268863
4931	0.268864
4932	0.268858
4933	0.268857
4934	0.268859
4935	0.268863
4936	0.268867
4937	0.268871
4938	0.268876
4939	0.268875
4940	0.268879
4941	0.268875
4942	0.268874
4943	0.26887
4944	0.268869
4945	0.268866
4946	0.268864
4947	0.268853
4948	0.268844
4949	0.268822
4950	0.268808
4951	0.268796
4952	0.26879
4953	0.268783
4954	0.268777
4955	0.268774
4956	0.268772
4957	0.268763
4958	0.268758
4959	0.268753
4960	0.26874
4961	0.268733
4962	0.268717
4963	0.268715
4964	0.268709
4965	0.268705
4966	0.268702
4967	0.268706
4968	0.268709
4969	0.268704
4970	0.268691
4971	0.268674
4972	0.268653
4973	0.268641
4974	0.26864
4975	0.268639
4976	0.268643
4977	0.268652
4978	0.268656
4979	0.268658
4980	0.268663
4981	0.268671
4982	0.268668
4983	0.26867
4984	0.268673
4985	0.26867
4986	0.268669
4987	0.268667
4988	0.268667
4989	0.268661
4990	0.268665
4991	0.268676
4992	0.268686
4993	0.268691
4994	0.268694
4995	0.268689
4996	0.268684
4997	0.268672
4998	0.268666
4999	0.268663
5000	0.268664
