#	Density
1	0.272
2	0.2
3	0.168
4	0.176
5	0.216
6	0.192
7	0.264
8	0.248
9	0.208
10	0.216
11	0.232
12	0.288
13	0.288
14	0.28
15	0.24
16	0.256
17	0.248
18	0.256
19	0.28
20	0.232
21	0.256
22	0.248
23	0.304
24	0.264
25	0.248
26	0.24
27	0.232
28	0.264
29	0.312
30	0.264
31	0.264
32	0.224
33	0.232
34	0.224
35	0.256
36	0.272
37	0.28
38	0.304
39	0.304
40	0.296
41	0.272
42	0.24
43	0.264
44	0.288
45	0.296
46	0.28
47	0.344
48	0.344
49	0.344
50	0.392
51	0.344
52	0.32
53	0.288
54	0.32
55	0.304
56	0.296
57	0.272
58	0.288
59	0.288
60	0.288
61	0.256
62	0.24
63	0.264
64	0.24
65	0.256
66	0.224
67	0.256
68	0.304
69	0.272
70	0.264
71	0.304
72	0.32
73	0.272
74	0.288
75	0.312
76	0.288
77	0.304
78	0.312
79	0.288
80	0.224
81	0.272
82	0.24
83	0.28
84	0.296
85	0.264
86	0.256
87	0.248
88	0.312
89	0.256
90	0.224
91	0.2
92	0.216
93	0.288
94	0.272
95	0.256
96	0.24
97	0.28
98	0.272
99	0.232
100	0.224
101	0.216
102	0.288
103	0.24
104	0.24
105	0.264
106	0.216
107	0.224
108	0.264
109	0.288
110	0.248
111	0.288
112	0.288
113	0.312
114	0.336
115	0.288
116	0.256
117	0.24
118	0.224
119	0.176
120	0.184
121	0.232
122	0.248
123	0.336
124	0.304
125	0.32
126	0.344
127	0.304
128	0.296
129	0.248
130	0.248
131	0.28
132	0.256
133	0.208
134	0.216
135	0.208
136	0.192
137	0.224
138	0.232
139	0.248
140	0.216
141	0.24
142	0.216
143	0.256
144	0.28
145	0.272
146	0.264
147	0.304
148	0.328
149	0.304
150	0.296
151	0.288
152	0.248
153	0.272
154	0.304
155	0.28
156	0.272
157	0.272
158	0.296
159	0.296
160	0.344
161	0.328
162	0.312
163	0.296
164	0.32
165	0.368
166	0.36
167	0.328
168	0.344
169	0.336
170	0.32
171	0.24
172	0.232
173	0.224
174	0.272
175	0.288
176	0.224
177	0.28
178	0.272
179	0.272
180	0.296
181	0.272
182	0.232
183	0.24
184	0.2
185	0.224
186	0.248
187	0.24
188	0.272
189	0.264
190	0.216
191	0.248
192	0.28
193	0.264
194	0.224
195	0.2
196	0.192
197	0.224
198	0.248
199	0.256
200	0.256
201	0.256
202	0.272
203	0.24
204	0.248
205	0.28
206	0.208
207	0.232
208	0.264
209	0.296
210	0.312
211	0.296
212	0.296
213	0.28
214	0.304
215	0.264
216	0.28
217	0.296
218	0.32
219	0.312
220	0.296
221	0.28
222	0.304
223	0.288
224	0.288
225	0.288
226	0.264
227	0.256
228	0.256
229	0.288
230	0.312
231	0.312
232	0.296
233	0.296
234	0.272
235	0.272
236	0.256
237	0.248
238	0.264
239	0.336
240	0.312
241	0.328
242	0.304
243	0.288
244	0.296
245	0.272
246	0.296
247	0.288
248	0.272
249	0.288
250	0.272
251	0.296
252	0.296
253	0.256
254	0.32
255	0.368
256	0.352
257	0.304
258	0.312
259	0.296
260	0.336
261	0.304
262	0.28
263	0.344
264	0.328
265	0.336
266	0.28
267	0.264
268	0.312
269	0.32
270	0.32
271	0.336
272	0.336
273	0.304
274	0.32
275	0.368
276	0.344
277	0.344
278	0.32
279	0.36
280	0.336
281	0.336
282	0.32
283	0.32
284	0.368
285	0.384
286	0.376
287	0.336
288	0.344
289	0.32
290	0.304
291	0.32
292	0.312
293	0.336
294	0.312
295	0.304
296	0.32
297	0.28
298	0.288
299	0.304
300	0.296
301	0.264
302	0.304
303	0.264
304	0.296
305	0.28
306	0.256
307	0.312
308	0.296
309	0.264
310	0.248
311	0.256
312	0.256
313	0.272
314	0.28
315	0.24
316	0.256
317	0.272
318	0.208
319	0.2
320	0.24
321	0.232
322	0.216
323	0.224
324	0.232
325	0.248
326	0.24
327	0.24
328	0.248
329	0.224
330	0.232
331	0.224
332	0.256
333	0.256
334	0.28
335	0.32
336	0.312
337	0.288
338	0.296
339	0.296
340	0.312
341	0.32
342	0.312
343	0.288
344	0.312
345	0.312
346	0.328
347	0.264
348	0.272
349	0.248
350	0.272
351	0.288
352	0.272
353	0.288
354	0.296
355	0.272
356	0.304
357	0.288
358	0.272
359	0.256
360	0.264
361	0.288
362	0.296
363	0.272
364	0.176
365	0.232
366	0.256
367	0.248
368	0.288
369	0.32
370	0.288
371	0.28
372	0.304
373	0.296
374	0.304
375	0.256
376	0.24
377	0.24
378	0.28
379	0.32
380	0.312
381	0.28
382	0.28
383	0.288
384	0.272
385	0.304
386	0.28
387	0.264
388	0.248
389	0.28
390	0.216
391	0.272
392	0.256
393	0.296
394	0.296
395	0.264
396	0.24
397	0.232
398	0.232
399	0.248
400	0.232
401	0.2
402	0.128
403	0.192
404	0.232
405	0.248
406	0.256
407	0.208
408	0.216
409	0.232
410	0.24
411	0.224
412	0.24
413	0.248
414	0.288
415	0.256
416	0.264
417	0.24
418	0.24
419	0.272
420	0.272
421	0.28
422	0.264
423	0.28
424	0.256
425	0.256
426	0.304
427	0.296
428	0.272
429	0.288
430	0.328
431	0.264
432	0.256
433	0.176
434	0.2
435	0.256
436	0.28
437	0.296
438	0.28
439	0.312
440	0.32
441	0.336
442	0.288
443	0.248
444	0.264
445	0.272
446	0.248
447	0.232
448	0.248
449	0.304
450	0.336
451	0.32
452	0.344
453	0.336
454	0.328
455	0.28
456	0.272
457	0.296
458	0.248
459	0.288
460	0.288
461	0.328
462	0.32
463	0.304
464	0.272
465	0.224
466	0.224
467	0.224
468	0.248
469	0.304
470	0.272
471	0.264
472	0.272
473	0.272
474	0.28
475	0.288
476	0.288
477	0.312
478	0.328
479	0.296
480	0.264
481	0.256
482	0.256
483	0.272
484	0.28
485	0.296
486	0.304
487	0.328
488	0.288
489	0.28
490	0.312
491	0.304
492	0.296
493	0.288
494	0.272
495	0.208
496	0.192
497	0.224
498	0.272
499	0.296
500	0.328
501	0.336
502	0.32
503	0.328
504	0.304
505	0.28
506	0.288
507	0.272
508	0.272
509	0.304
510	0.272
511	0.264
512	0.28
513	0.32
514	0.24
515	0.28
516	0.288
517	0.272
518	0.288
519	0.224
520	0.192
521	0.256
522	0.264
523	0.24
524	0.248
525	0.312
526	0.296
527	0.28
528	0.264
529	0.256
530	0.288
531	0.256
532	0.28
533	0.312
534	0.312
535	0.352
536	0.344
537	0.304
538	0.248
539	0.24
540	0.232
541	0.2
542	0.192
543	0.208
544	0.192
545	0.232
546	0.224
547	0.272
548	0.248
549	0.248
550	0.184
551	0.192
552	0.232
553	0.288
554	0.248
555	0.272
556	0.224
557	0.224
558	0.232
559	0.224
560	0.264
561	0.32
562	0.304
563	0.32
564	0.304
565	0.248
566	0.28
567	0.248
568	0.28
569	0.24
570	0.288
571	0.312
572	0.288
573	0.32
574	0.248
575	0.248
576	0.248
577	0.272
578	0.248
579	0.28
580	0.256
581	0.264
582	0.256
583	0.272
584	0.248
585	0.24
586	0.224
587	0.24
588	0.248
589	0.232
590	0.288
591	0.336
592	0.288
593	0.232
594	0.28
595	0.296
596	0.336
597	0.296
598	0.288
599	0.32
600	0.296
601	0.304
602	0.28
603	0.232
604	0.264
605	0.248
606	0.304
607	0.336
608	0.328
609	0.328
610	0.32
611	0.288
612	0.304
613	0.296
614	0.296
615	0.312
616	0.32
617	0.248
618	0.24
619	0.28
620	0.248
621	0.24
622	0.256
623	0.272
624	0.24
625	0.232
626	0.24
627	0.264
628	0.272
629	0.264
630	0.24
631	0.224
632	0.288
633	0.312
634	0.304
635	0.304
636	0.264
637	0.32
638	0.312
639	0.336
640	0.288
641	0.232
642	0.264
643	0.28
644	0.288
645	0.296
646	0.232
647	0.256
648	0.272
649	0.312
650	0.312
651	0.272
652	0.28
653	0.256
654	0.256
655	0.2
656	0.2
657	0.248
658	0.28
659	0.312
660	0.344
661	0.304
662	0.304
663	0.304
664	0.328
665	0.24
666	0.248
667	0.296
668	0.352
669	0.32
670	0.328
671	0.28
672	0.264
673	0.264
674	0.224
675	0.208
676	0.232
677	0.256
678	0.296
679	0.288
680	0.288
681	0.264
682	0.248
683	0.264
684	0.272
685	0.312
686	0.272
687	0.264
688	0.304
689	0.288
690	0.296
691	0.296
692	0.272
693	0.28
694	0.256
695	0.232
696	0.248
697	0.272
698	0.28
699	0.272
700	0.272
701	0.28
702	0.28
703	0.296
704	0.288
705	0.28
706	0.28
707	0.288
708	0.272
709	0.264
710	0.272
711	0.296
712	0.296
713	0.272
714	0.272
715	0.304
716	0.232
717	0.264
718	0.272
719	0.272
720	0.248
721	0.224
722	0.216
723	0.24
724	0.28
725	0.248
726	0.264
727	0.28
728	0.256
729	0.216
730	0.232
731	0.224
732	0.208
733	0.224
734	0.232
735	0.304
736	0.248
737	0.24
738	0.256
739	0.336
740	0.328
741	0.296
742	0.304
743	0.32
744	0.312
745	0.312
746	0.304
747	0.304
748	0.28
749	0.272
750	0.256
751	0.216
752	0.232
753	0.288
754	0.312
755	0.304
756	0.264
757	0.24
758	0.248
759	0.264
760	0.264
761	0.248
762	0.248
763	0.2
764	0.216
765	0.192
766	0.192
767	0.232
768	0.232
769	0.24
770	0.24
771	0.224
772	0.248
773	0.232
774	0.224
775	0.248
776	0.264
777	0.28
778	0.264
779	0.216
780	0.224
781	0.192
782	0.184
783	0.168
784	0.144
785	0.192
786	0.2
787	0.168
788	0.16
789	0.184
790	0.176
791	0.2
792	0.216
793	0.256
794	0.264
795	0.272
796	0.28
797	0.256
798	0.272
799	0.28
800	0.32
801	0.368
802	0.296
803	0.272
804	0.272
805	0.288
806	0.28
807	0.28
808	0.264
809	0.256
810	0.272
811	0.264
812	0.248
813	0.248
814	0.224
815	0.176
816	0.184
817	0.184
818	0.192
819	0.216
820	0.264
821	0.24
822	0.256
823	0.312
824	0.264
825	0.256
826	0.232
827	0.256
828	0.28
829	0.288
830	0.288
831	0.272
832	0.336
833	0.296
834	0.224
835	0.288
836	0.288
837	0.232
838	0.256
839	0.224
840	0.256
841	0.264
842	0.224
843	0.232
844	0.256
845	0.312
846	0.28
847	0.248
848	0.24
849	0.232
850	0.232
851	0.256
852	0.304
853	0.312
854	0.336
855	0.304
856	0.296
857	0.312
858	0.24
859	0.24
860	0.248
861	0.28
862	0.296
863	0.28
864	0.344
865	0.328
866	0.336
867	0.328
868	0.312
869	0.304
870	0.312
871	0.296
872	0.24
873	0.216
874	0.256
875	0.28
876	0.296
877	0.288
878	0.288
879	0.296
880	0.264
881	0.304
882	0.312
883	0.328
884	0.328
885	0.312
886	0.296
887	0.32
888	0.352
889	0.36
890	0.32
891	0.336
892	0.384
893	0.392
894	0.352
895	0.312
896	0.304
897	0.296
898	0.296
899	0.28
900	0.272
901	0.256
902	0.312
903	0.328
904	0.304
905	0.28
906	0.264
907	0.224
908	0.248
909	0.264
910	0.24
911	0.232
912	0.232
913	0.192
914	0.208
915	0.2
916	0.2
917	0.232
918	0.248
919	0.264
920	0.296
921	0.296
922	0.256
923	0.248
924	0.248
925	0.224
926	0.248
927	0.248
928	0.28
929	0.24
930	0.304
931	0.288
932	0.304
933	0.288
934	0.272
935	0.264
936	0.264
937	0.272
938	0.28
939	0.28
940	0.296
941	0.248
942	0.232
943	0.32
944	0.336
945	0.344
946	0.304
947	0.312
948	0.32
949	0.368
950	0.36
951	0.28
952	0.304
953	0.312
954	0.296
955	0.288
956	0.32
957	0.352
958	0.312
959	0.336
960	0.328
961	0.296
962	0.336
963	0.328
964	0.248
965	0.288
966	0.296
967	0.352
968	0.304
969	0.296
970	0.304
971	0.264
972	0.304
973	0.264
974	0.304
975	0.24
976	0.232
977	0.24
978	0.248
979	0.312
980	0.232
981	0.232
982	0.216
983	0.176
984	0.216
985	0.168
986	0.24
987	0.216
988	0.192
989	0.24
990	0.232
991	0.248
992	0.248
993	0.28
994	0.312
995	0.312
996	0.272
997	0.28
998	0.256
999	0.248
1000	0.264
1001	0.248
1002	0.176
1003	0.168
1004	0.192
1005	0.176
1006	0.184
1007	0.208
1008	0.2
1009	0.176
1010	0.224
1011	0.288
1012	0.272
1013	0.264
1014	0.256
1015	0.28
1016	0.296
1017	0.288
1018	0.216
1019	0.272
1020	0.272
1021	0.28
1022	0.272
1023	0.264
1024	0.216
1025	0.208
1026	0.248
1027	0.248
1028	0.216
1029	0.208
1030	0.184
1031	0.2
1032	0.208
1033	0.192
1034	0.192
1035	0.256
1036	0.288
1037	0.304
1038	0.264
1039	0.24
1040	0.248
1041	0.272
1042	0.208
1043	0.2
1044	0.28
1045	0.28
1046	0.304
1047	0.288
1048	0.272
1049	0.264
1050	0.28
1051	0.24
1052	0.248
1053	0.216
1054	0.248
1055	0.232
1056	0.208
1057	0.232
1058	0.24
1059	0.288
1060	0.28
1061	0.224
1062	0.208
1063	0.24
1064	0.256
1065	0.248
1066	0.24
1067	0.256
1068	0.256
1069	0.256
1070	0.28
1071	0.312
1072	0.248
1073	0.264
1074	0.32
1075	0.328
1076	0.32
1077	0.328
1078	0.344
1079	0.336
1080	0.344
1081	0.32
1082	0.344
1083	0.336
1084	0.304
1085	0.328
1086	0.272
1087	0.288
1088	0.288
1089	0.264
1090	0.28
1091	0.232
1092	0.272
1093	0.248
1094	0.28
1095	0.272
1096	0.28
1097	0.264
1098	0.28
1099	0.296
1100	0.256
1101	0.28
1102	0.296
1103	0.248
1104	0.248
1105	0.24
1106	0.24
1107	0.264
1108	0.208
1109	0.232
1110	0.304
1111	0.288
1112	0.264
1113	0.24
1114	0.304
1115	0.344
1116	0.296
1117	0.312
1118	0.304
1119	0.28
1120	0.28
1121	0.24
1122	0.28
1123	0.28
1124	0.32
1125	0.32
1126	0.36
1127	0.36
1128	0.336
1129	0.312
1130	0.32
1131	0.32
1132	0.328
1133	0.28
1134	0.28
1135	0.256
1136	0.264
1137	0.28
1138	0.272
1139	0.272
1140	0.216
1141	0.208
1142	0.256
1143	0.288
1144	0.304
1145	0.304
1146	0.296
1147	0.264
1148	0.224
1149	0.256
1150	0.232
1151	0.216
1152	0.24
1153	0.304
1154	0.248
1155	0.24
1156	0.216
1157	0.272
1158	0.32
1159	0.248
1160	0.24
1161	0.28
1162	0.296
1163	0.296
1164	0.28
1165	0.256
1166	0.32
1167	0.256
1168	0.256
1169	0.248
1170	0.208
1171	0.232
1172	0.248
1173	0.192
1174	0.184
1175	0.248
1176	0.232
1177	0.2
1178	0.216
1179	0.216
1180	0.24
1181	0.24
1182	0.248
1183	0.24
1184	0.272
1185	0.264
1186	0.304
1187	0.288
1188	0.336
1189	0.304
1190	0.312
1191	0.28
1192	0.304
1193	0.264
1194	0.216
1195	0.2
1196	0.208
1197	0.208
1198	0.168
1199	0.208
1200	0.24
1201	0.272
1202	0.264
1203	0.288
1204	0.288
1205	0.32
1206	0.32
1207	0.288
1208	0.296
1209	0.336
1210	0.304
1211	0.328
1212	0.368
1213	0.328
1214	0.384
1215	0.344
1216	0.288
1217	0.288
1218	0.232
1219	0.28
1220	0.288
1221	0.296
1222	0.288
1223	0.296
1224	0.304
1225	0.28
1226	0.256
1227	0.28
1228	0.28
1229	0.296
1230	0.272
1231	0.28
1232	0.256
1233	0.272
1234	0.296
1235	0.28
1236	0.312
1237	0.32
1238	0.336
1239	0.304
1240	0.352
1241	0.336
1242	0.28
1243	0.256
1244	0.272
1245	0.264
1246	0.296
1247	0.256
1248	0.256
1249	0.256
1250	0.256
1251	0.24
1252	0.224
1253	0.232
1254	0.272
1255	0.248
1256	0.24
1257	0.24
1258	0.256
1259	0.256
1260	0.32
1261	0.352
1262	0.288
1263	0.28
1264	0.32
1265	0.296
1266	0.288
1267	0.304
1268	0.32
1269	0.304
1270	0.336
1271	0.296
1272	0.296
1273	0.288
1274	0.304
1275	0.28
1276	0.24
1277	0.224
1278	0.232
1279	0.224
1280	0.256
1281	0.304
1282	0.336
1283	0.352
1284	0.272
1285	0.28
1286	0.256
1287	0.296
1288	0.28
1289	0.208
1290	0.232
1291	0.216
1292	0.216
1293	0.224
1294	0.232
1295	0.288
1296	0.232
1297	0.224
1298	0.272
1299	0.28
1300	0.264
1301	0.272
1302	0.272
1303	0.272
1304	0.232
1305	0.264
1306	0.272
1307	0.28
1308	0.272
1309	0.272
1310	0.312
1311	0.336
1312	0.336
1313	0.328
1314	0.312
1315	0.272
1316	0.272
1317	0.296
1318	0.32
1319	0.32
1320	0.304
1321	0.256
1322	0.256
1323	0.328
1324	0.352
1325	0.312
1326	0.312
1327	0.304
1328	0.304
1329	0.32
1330	0.328
1331	0.304
1332	0.304
1333	0.272
1334	0.256
1335	0.28
1336	0.256
1337	0.272
1338	0.264
1339	0.28
1340	0.304
1341	0.304
1342	0.304
1343	0.328
1344	0.336
1345	0.336
1346	0.312
1347	0.336
1348	0.376
1349	0.328
1350	0.32
1351	0.304
1352	0.28
1353	0.264
1354	0.296
1355	0.336
1356	0.328
1357	0.288
1358	0.272
1359	0.264
1360	0.256
1361	0.256
1362	0.296
1363	0.288
1364	0.352
1365	0.352
1366	0.312
1367	0.272
1368	0.288
1369	0.288
1370	0.304
1371	0.296
1372	0.352
1373	0.32
1374	0.312
1375	0.344
1376	0.344
1377	0.296
1378	0.304
1379	0.248
1380	0.288
1381	0.328
1382	0.328
1383	0.312
1384	0.328
1385	0.304
1386	0.312
1387	0.264
1388	0.28
1389	0.248
1390	0.264
1391	0.296
1392	0.36
1393	0.384
1394	0.384
1395	0.328
1396	0.296
1397	0.24
1398	0.2
1399	0.192
1400	0.2
1401	0.208
1402	0.248
1403	0.192
1404	0.192
1405	0.152
1406	0.216
1407	0.248
1408	0.232
1409	0.176
1410	0.216
1411	0.2
1412	0.224
1413	0.192
1414	0.208
1415	0.28
1416	0.216
1417	0.24
1418	0.288
1419	0.28
1420	0.32
1421	0.32
1422	0.336
1423	0.296
1424	0.296
1425	0.296
1426	0.272
1427	0.312
1428	0.312
1429	0.264
1430	0.312
1431	0.288
1432	0.272
1433	0.256
1434	0.24
1435	0.328
1436	0.28
1437	0.256
1438	0.232
1439	0.264
1440	0.24
1441	0.248
1442	0.264
1443	0.296
1444	0.248
1445	0.304
1446	0.28
1447	0.2
1448	0.232
1449	0.28
1450	0.304
1451	0.32
1452	0.304
1453	0.24
1454	0.272
1455	0.264
1456	0.288
1457	0.24
1458	0.224
1459	0.224
1460	0.248
1461	0.264
1462	0.32
1463	0.312
1464	0.264
1465	0.28
1466	0.216
1467	0.24
1468	0.272
1469	0.28
1470	0.224
1471	0.264
1472	0.296
1473	0.272
1474	0.288
1475	0.24
1476	0.264
1477	0.192
1478	0.2
1479	0.216
1480	0.248
1481	0.24
1482	0.248
1483	0.28
1484	0.288
1485	0.296
1486	0.312
1487	0.336
1488	0.328
1489	0.288
1490	0.312
1491	0.312
1492	0.312
1493	0.296
1494	0.288
1495	0.264
1496	0.264
1497	0.288
1498	0.28
1499	0.216
1500	0.232
1501	0.208
1502	0.264
1503	0.296
1504	0.28
1505	0.28
1506	0.216
1507	0.272
1508	0.296
1509	0.344
1510	0.272
1511	0.232
1512	0.28
1513	0.28
1514	0.272
1515	0.272
1516	0.28
1517	0.256
1518	0.2
1519	0.216
1520	0.224
1521	0.208
1522	0.312
1523	0.288
1524	0.288
1525	0.272
1526	0.216
1527	0.232
1528	0.232
1529	0.312
1530	0.24
1531	0.272
1532	0.28
1533	0.28
1534	0.24
1535	0.256
1536	0.28
1537	0.208
1538	0.216
1539	0.224
1540	0.256
1541	0.264
1542	0.24
1543	0.256
1544	0.288
1545	0.264
1546	0.256
1547	0.256
1548	0.216
1549	0.192
1550	0.224
1551	0.168
1552	0.176
1553	0.184
1554	0.2
1555	0.232
1556	0.296
1557	0.24
1558	0.264
1559	0.24
1560	0.288
1561	0.288
1562	0.296
1563	0.296
1564	0.296
1565	0.24
1566	0.312
1567	0.296
1568	0.28
1569	0.288
1570	0.304
1571	0.304
1572	0.272
1573	0.28
1574	0.264
1575	0.256
1576	0.256
1577	0.224
1578	0.224
1579	0.224
1580	0.2
1581	0.192
1582	0.192
1583	0.184
1584	0.216
1585	0.24
1586	0.224
1587	0.176
1588	0.224
1589	0.24
1590	0.28
1591	0.288
1592	0.28
1593	0.296
1594	0.304
1595	0.288
1596	0.248
1597	0.28
1598	0.28
1599	0.304
1600	0.272
1601	0.248
1602	0.312
1603	0.288
1604	0.312
1605	0.376
1606	0.296
1607	0.264
1608	0.24
1609	0.296
1610	0.288
1611	0.264
1612	0.272
1613	0.24
1614	0.224
1615	0.256
1616	0.288
1617	0.336
1618	0.28
1619	0.28
1620	0.232
1621	0.28
1622	0.28
1623	0.248
1624	0.28
1625	0.264
1626	0.224
1627	0.192
1628	0.2
1629	0.232
1630	0.272
1631	0.288
1632	0.256
1633	0.272
1634	0.272
1635	0.208
1636	0.208
1637	0.24
1638	0.28
1639	0.288
1640	0.28
1641	0.264
1642	0.264
1643	0.272
1644	0.312
1645	0.272
1646	0.248
1647	0.232
1648	0.232
1649	0.2
1650	0.2
1651	0.224
1652	0.24
1653	0.248
1654	0.256
1655	0.288
1656	0.272
1657	0.248
1658	0.248
1659	0.304
1660	0.296
1661	0.248
1662	0.256
1663	0.264
1664	0.24
1665	0.232
1666	0.272
1667	0.296
1668	0.36
1669	0.336
1670	0.288
1671	0.296
1672	0.32
1673	0.296
1674	0.32
1675	0.296
1676	0.288
1677	0.272
1678	0.248
1679	0.288
1680	0.264
1681	0.296
1682	0.304
1683	0.312
1684	0.288
1685	0.304
1686	0.272
1687	0.288
1688	0.32
1689	0.336
1690	0.28
1691	0.28
1692	0.28
1693	0.256
1694	0.24
1695	0.224
1696	0.248
1697	0.208
1698	0.232
1699	0.256
1700	0.272
1701	0.312
1702	0.304
1703	0.304
1704	0.328
1705	0.28
1706	0.272
1707	0.288
1708	0.24
1709	0.216
1710	0.192
1711	0.216
1712	0.224
1713	0.248
1714	0.296
1715	0.256
1716	0.216
1717	0.264
1718	0.28
1719	0.304
1720	0.336
1721	0.36
1722	0.344
1723	0.336
1724	0.336
1725	0.296
1726	0.296
1727	0.24
1728	0.24
1729	0.224
1730	0.216
1731	0.232
1732	0.232
1733	0.24
1734	0.224
1735	0.264
1736	0.248
1737	0.328
1738	0.312
1739	0.312
1740	0.248
1741	0.224
1742	0.312
1743	0.352
1744	0.288
1745	0.304
1746	0.28
1747	0.264
1748	0.272
1749	0.32
1750	0.272
1751	0.248
1752	0.256
1753	0.272
1754	0.296
1755	0.336
1756	0.288
1757	0.296
1758	0.304
1759	0.2
1760	0.264
1761	0.272
1762	0.28
1763	0.28
1764	0.248
1765	0.272
1766	0.272
1767	0.264
1768	0.24
1769	0.208
1770	0.28
1771	0.312
1772	0.296
1773	0.28
1774	0.288
1775	0.264
1776	0.304
1777	0.328
1778	0.296
1779	0.248
1780	0.24
1781	0.264
1782	0.296
1783	0.272
1784	0.272
1785	0.256
1786	0.224
1787	0.184
1788	0.24
1789	0.248
1790	0.224
1791	0.272
1792	0.264
1793	0.208
1794	0.28
1795	0.232
1796	0.232
1797	0.28
1798	0.28
1799	0.264
1800	0.272
1801	0.32
1802	0.344
1803	0.272
1804	0.352
1805	0.352
1806	0.352
1807	0.312
1808	0.28
1809	0.248
1810	0.264
1811	0.296
1812	0.272
1813	0.328
1814	0.296
1815	0.28
1816	0.296
1817	0.256
1818	0.264
1819	0.224
1820	0.224
1821	0.264
1822	0.224
1823	0.224
1824	0.24
1825	0.272
1826	0.28
1827	0.272
1828	0.224
1829	0.24
1830	0.288
1831	0.248
1832	0.24
1833	0.264
1834	0.224
1835	0.232
1836	0.248
1837	0.272
1838	0.232
1839	0.216
1840	0.192
1841	0.256
1842	0.328
1843	0.288
1844	0.312
1845	0.304
1846	0.328
1847	0.312
1848	0.304
1849	0.272
1850	0.2
1851	0.216
1852	0.208
1853	0.168
1854	0.216
1855	0.24
1856	0.264
1857	0.256
1858	0.296
1859	0.288
1860	0.272
1861	0.272
1862	0.288
1863	0.264
1864	0.288
1865	0.32
1866	0.296
1867	0.32
1868	0.288
1869	0.312
1870	0.328
1871	0.336
1872	0.352
1873	0.352
1874	0.344
1875	0.352
1876	0.336
1877	0.32
1878	0.36
1879	0.392
1880	0.36
1881	0.328
1882	0.272
1883	0.304
1884	0.264
1885	0.28
1886	0.264
1887	0.272
1888	0.248
1889	0.28
1890	0.28
1891	0.264
1892	0.272
1893	0.272
1894	0.272
1895	0.312
1896	0.304
1897	0.32
1898	0.336
1899	0.288
1900	0.296
1901	0.304
1902	0.328
1903	0.296
1904	0.296
1905	0.264
1906	0.256
1907	0.304
1908	0.304
1909	0.336
1910	0.296
1911	0.296
1912	0.288
1913	0.288
1914	0.312
1915	0.264
1916	0.28
1917	0.28
1918	0.232
1919	0.264
1920	0.272
1921	0.312
1922	0.256
1923	0.24
1924	0.192
1925	0.184
1926	0.192
1927	0.184
1928	0.2
1929	0.192
1930	0.2
1931	0.256
1932	0.28
1933	0.232
1934	0.248
1935	0.192
1936	0.216
1937	0.256
1938	0.256
1939	0.296
1940	0.28
1941	0.264
1942	0.256
1943	0.232
1944	0.208
1945	0.224
1946	0.224
1947	0.256
1948	0.24
1949	0.248
1950	0.28
1951	0.272
1952	0.288
1953	0.224
1954	0.256
1955	0.24
1956	0.264
1957	0.224
1958	0.248
1959	0.208
1960	0.224
1961	0.256
1962	0.248
1963	0.224
1964	0.224
1965	0.216
1966	0.224
1967	0.256
1968	0.24
1969	0.248
1970	0.24
1971	0.224
1972	0.224
1973	0.216
1974	0.24
1975	0.248
1976	0.24
1977	0.232
1978	0.216
1979	0.232
1980	0.192
1981	0.192
1982	0.176
1983	0.192
1984	0.216
1985	0.256
1986	0.28
1987	0.232
1988	0.232
1989	0.208
1990	0.264
1991	0.272
1992	0.264
1993	0.28
1994	0.288
1995	0.272
1996	0.216
1997	0.24
1998	0.224
1999	0.24
2000	0.256
2001	0.232
2002	0.216
2003	0.216
2004	0.272
2005	0.304
2006	0.32
2007	0.352
2008	0.328
2009	0.32
2010	0.272
2011	0.216
2012	0.224
2013	0.216
2014	0.2
2015	0.184
2016	0.216
2017	0.208
2018	0.264
2019	0.288
2020	0.232
2021	0.24
2022	0.184
2023	0.176
2024	0.224
2025	0.216
2026	0.224
2027	0.232
2028	0.248
2029	0.256
2030	0.216
2031	0.248
2032	0.232
2033	0.264
2034	0.28
2035	0.264
2036	0.28
2037	0.28
2038	0.296
2039	0.288
2040	0.288
2041	0.272
2042	0.256
2043	0.232
2044	0.248
2045	0.296
2046	0.24
2047	0.208
2048	0.248
2049	0.24
2050	0.208
2051	0.192
2052	0.176
2053	0.2
2054	0.208
2055	0.216
2056	0.232
2057	0.272
2058	0.264
2059	0.272
2060	0.272
2061	0.208
2062	0.224
2063	0.216
2064	0.224
2065	0.224
2066	0.224
2067	0.256
2068	0.224
2069	0.264
2070	0.28
2071	0.296
2072	0.288
2073	0.272
2074	0.264
2075	0.264
2076	0.264
2077	0.256
2078	0.248
2079	0.24
2080	0.224
2081	0.304
2082	0.32
2083	0.312
2084	0.288
2085	0.28
2086	0.296
2087	0.272
2088	0.248
2089	0.192
2090	0.224
2091	0.224
2092	0.256
2093	0.256
2094	0.224
2095	0.192
2096	0.2
2097	0.224
2098	0.184
2099	0.216
2100	0.192
2101	0.216
2102	0.216
2103	0.184
2104	0.224
2105	0.256
2106	0.264
2107	0.264
2108	0.264
2109	0.264
2110	0.248
2111	0.224
2112	0.24
2113	0.24
2114	0.272
2115	0.272
2116	0.312
2117	0.232
2118	0.208
2119	0.184
2120	0.224
2121	0.24
2122	0.248
2123	0.232
2124	0.232
2125	0.224
2126	0.288
2127	0.296
2128	0.272
2129	0.272
2130	0.256
2131	0.264
2132	0.28
2133	0.256
2134	0.208
2135	0.232
2136	0.24
2137	0.264
2138	0.24
2139	0.272
2140	0.304
2141	0.272
2142	0.288
2143	0.312
2144	0.296
2145	0.304
2146	0.296
2147	0.288
2148	0.248
2149	0.2
2150	0.2
2151	0.264
2152	0.248
2153	0.256
2154	0.24
2155	0.248
2156	0.232
2157	0.248
2158	0.296
2159	0.264
2160	0.272
2161	0.296
2162	0.272
2163	0.296
2164	0.296
2165	0.296
2166	0.32
2167	0.296
2168	0.304
2169	0.296
2170	0.28
2171	0.256
2172	0.24
2173	0.256
2174	0.256
2175	0.272
2176	0.248
2177	0.232
2178	0.264
2179	0.288
2180	0.312
2181	0.312
2182	0.264
2183	0.312
2184	0.336
2185	0.32
2186	0.296
2187	0.288
2188	0.24
2189	0.256
2190	0.24
2191	0.272
2192	0.24
2193	0.224
2194	0.272
2195	0.288
2196	0.272
2197	0.296
2198	0.272
2199	0.296
2200	0.352
2201	0.32
2202	0.328
2203	0.328
2204	0.336
2205	0.32
2206	0.264
2207	0.264
2208	0.216
2209	0.24
2210	0.232
2211	0.248
2212	0.256
2213	0.256
2214	0.256
2215	0.264
2216	0.216
2217	0.296
2218	0.272
2219	0.248
2220	0.264
2221	0.24
2222	0.24
2223	0.28
2224	0.232
2225	0.272
2226	0.216
2227	0.208
2228	0.208
2229	0.232
2230	0.256
2231	0.264
2232	0.28
2233	0.272
2234	0.264
2235	0.312
2236	0.344
2237	0.336
2238	0.328
2239	0.328
2240	0.304
2241	0.312
2242	0.296
2243	0.272
2244	0.288
2245	0.312
2246	0.312
2247	0.272
2248	0.232
2249	0.24
2250	0.232
2251	0.264
2252	0.216
2253	0.216
2254	0.272
2255	0.256
2256	0.24
2257	0.264
2258	0.28
2259	0.264
2260	0.256
2261	0.24
2262	0.224
2263	0.24
2264	0.28
2265	0.272
2266	0.288
2267	0.296
2268	0.296
2269	0.336
2270	0.312
2271	0.28
2272	0.256
2273	0.24
2274	0.232
2275	0.24
2276	0.24
2277	0.24
2278	0.232
2279	0.232
2280	0.272
2281	0.264
2282	0.264
2283	0.256
2284	0.248
2285	0.248
2286	0.232
2287	0.192
2288	0.232
2289	0.272
2290	0.304
2291	0.264
2292	0.28
2293	0.304
2294	0.304
2295	0.272
2296	0.28
2297	0.264
2298	0.288
2299	0.256
2300	0.272
2301	0.224
2302	0.248
2303	0.264
2304	0.296
2305	0.28
2306	0.28
2307	0.264
2308	0.288
2309	0.272
2310	0.288
2311	0.32
2312	0.28
2313	0.288
2314	0.28
2315	0.288
2316	0.304
2317	0.304
2318	0.232
2319	0.248
2320	0.248
2321	0.264
2322	0.32
2323	0.32
2324	0.32
2325	0.304
2326	0.312
2327	0.296
2328	0.304
2329	0.384
2330	0.296
2331	0.296
2332	0.328
2333	0.344
2334	0.328
2335	0.32
2336	0.288
2337	0.272
2338	0.248
2339	0.232
2340	0.224
2341	0.224
2342	0.216
2343	0.192
2344	0.232
2345	0.24
2346	0.272
2347	0.24
2348	0.256
2349	0.272
2350	0.248
2351	0.272
2352	0.24
2353	0.208
2354	0.248
2355	0.256
2356	0.28
2357	0.272
2358	0.312
2359	0.352
2360	0.32
2361	0.304
2362	0.336
2363	0.264
2364	0.232
2365	0.232
2366	0.264
2367	0.28
2368	0.296
2369	0.256
2370	0.264
2371	0.304
2372	0.288
2373	0.256
2374	0.248
2375	0.232
2376	0.24
2377	0.272
2378	0.216
2379	0.208
2380	0.208
2381	0.192
2382	0.232
2383	0.256
2384	0.192
2385	0.184
2386	0.192
2387	0.216
2388	0.232
2389	0.28
2390	0.296
2391	0.304
2392	0.296
2393	0.312
2394	0.296
2395	0.256
2396	0.232
2397	0.232
2398	0.208
2399	0.24
2400	0.296
2401	0.28
2402	0.28
2403	0.24
2404	0.288
2405	0.248
2406	0.256
2407	0.248
2408	0.24
2409	0.2
2410	0.224
2411	0.2
2412	0.224
2413	0.24
2414	0.28
2415	0.296
2416	0.28
2417	0.264
2418	0.256
2419	0.24
2420	0.272
2421	0.232
2422	0.28
2423	0.248
2424	0.224
2425	0.224
2426	0.28
2427	0.24
2428	0.24
2429	0.28
2430	0.24
2431	0.232
2432	0.272
2433	0.304
2434	0.272
2435	0.24
2436	0.248
2437	0.288
2438	0.28
2439	0.264
2440	0.24
2441	0.272
2442	0.28
2443	0.248
2444	0.216
2445	0.24
2446	0.24
2447	0.216
2448	0.28
2449	0.256
2450	0.24
2451	0.256
2452	0.256
2453	0.304
2454	0.312
2455	0.336
2456	0.32
2457	0.312
2458	0.28
2459	0.28
2460	0.272
2461	0.264
2462	0.232
2463	0.24
2464	0.256
2465	0.272
2466	0.288
2467	0.28
2468	0.288
2469	0.32
2470	0.288
2471	0.272
2472	0.288
2473	0.288
2474	0.272
2475	0.248
2476	0.264
2477	0.256
2478	0.232
2479	0.216
2480	0.296
2481	0.28
2482	0.312
2483	0.28
2484	0.232
2485	0.216
2486	0.176
2487	0.2
2488	0.216
2489	0.184
2490	0.192
2491	0.192
2492	0.176
2493	0.208
2494	0.232
2495	0.272
2496	0.264
2497	0.28
2498	0.272
2499	0.296
2500	0.304
2501	0.288
2502	0.304
2503	0.296
2504	0.28
2505	0.264
2506	0.224
2507	0.264
2508	0.28
2509	0.256
2510	0.232
2511	0.216
2512	0.232
2513	0.224
2514	0.232
2515	0.24
2516	0.24
2517	0.232
2518	0.28
2519	0.312
2520	0.264
2521	0.264
2522	0.248
2523	0.264
2524	0.256
2525	0.256
2526	0.28
2527	0.296
2528	0.28
2529	0.256
2530	0.264
2531	0.248
2532	0.256
2533	0.24
2534	0.2
2535	0.224
2536	0.264
2537	0.256
2538	0.304
2539	0.296
2540	0.28
2541	0.28
2542	0.36
2543	0.336
2544	0.328
2545	0.32
2546	0.328
2547	0.32
2548	0.264
2549	0.288
2550	0.248
2551	0.216
2552	0.288
2553	0.248
2554	0.248
2555	0.28
2556	0.288
2557	0.28
2558	0.224
2559	0.232
2560	0.216
2561	0.2
2562	0.232
2563	0.216
2564	0.24
2565	0.216
2566	0.216
2567	0.2
2568	0.24
2569	0.208
2570	0.256
2571	0.312
2572	0.296
2573	0.312
2574	0.312
2575	0.28
2576	0.336
2577	0.344
2578	0.368
2579	0.304
2580	0.312
2581	0.272
2582	0.256
2583	0.296
2584	0.312
2585	0.304
2586	0.304
2587	0.272
2588	0.296
2589	0.272
2590	0.272
2591	0.28
2592	0.248
2593	0.256
2594	0.232
2595	0.28
2596	0.264
2597	0.248
2598	0.288
2599	0.304
2600	0.344
2601	0.32
2602	0.304
2603	0.28
2604	0.264
2605	0.232
2606	0.272
2607	0.272
2608	0.28
2609	0.312
2610	0.272
2611	0.264
2612	0.256
2613	0.272
2614	0.304
2615	0.336
2616	0.344
2617	0.304
2618	0.296
2619	0.2
2620	0.24
2621	0.288
2622	0.296
2623	0.248
2624	0.232
2625	0.248
2626	0.256
2627	0.2
2628	0.264
2629	0.256
2630	0.272
2631	0.264
2632	0.216
2633	0.264
2634	0.312
2635	0.32
2636	0.288
2637	0.288
2638	0.28
2639	0.264
2640	0.28
2641	0.256
2642	0.272
2643	0.272
2644	0.232
2645	0.224
2646	0.208
2647	0.296
2648	0.304
2649	0.28
2650	0.28
2651	0.296
2652	0.256
2653	0.272
2654	0.24
2655	0.232
2656	0.256
2657	0.304
2658	0.344
2659	0.336
2660	0.352
2661	0.36
2662	0.36
2663	0.32
2664	0.328
2665	0.336
2666	0.272
2667	0.264
2668	0.28
2669	0.224
2670	0.208
2671	0.232
2672	0.232
2673	0.192
2674	0.232
2675	0.24
2676	0.248
2677	0.2
2678	0.256
2679	0.248
2680	0.304
2681	0.264
2682	0.248
2683	0.24
2684	0.288
2685	0.296
2686	0.312
2687	0.28
2688	0.208
2689	0.176
2690	0.2
2691	0.264
2692	0.272
2693	0.256
2694	0.264
2695	0.256
2696	0.264
2697	0.304
2698	0.288
2699	0.304
2700	0.256
2701	0.248
2702	0.232
2703	0.184
2704	0.224
2705	0.272
2706	0.232
2707	0.328
2708	0.32
2709	0.272
2710	0.288
2711	0.256
2712	0.248
2713	0.272
2714	0.288
2715	0.272
2716	0.28
2717	0.288
2718	0.272
2719	0.272
2720	0.264
2721	0.208
2722	0.232
2723	0.256
2724	0.184
2725	0.216
2726	0.232
2727	0.24
2728	0.28
2729	0.272
2730	0.224
2731	0.232
2732	0.224
2733	0.232
2734	0.248
2735	0.216
2736	0.24
2737	0.2
2738	0.232
2739	0.264
2740	0.248
2741	0.296
2742	0.296
2743	0.224
2744	0.232
2745	0.232
2746	0.24
2747	0.272
2748	0.296
2749	0.288
2750	0.256
2751	0.24
2752	0.264
2753	0.264
2754	0.248
2755	0.264
2756	0.272
2757	0.216
2758	0.224
2759	0.232
2760	0.232
2761	0.216
2762	0.224
2763	0.264
2764	0.288
2765	0.224
2766	0.264
2767	0.28
2768	0.208
2769	0.2
2770	0.184
2771	0.216
2772	0.2
2773	0.216
2774	0.248
2775	0.208
2776	0.24
2777	0.28
2778	0.264
2779	0.28
2780	0.288
2781	0.256
2782	0.256
2783	0.256
2784	0.28
2785	0.224
2786	0.256
2787	0.224
2788	0.216
2789	0.24
2790	0.264
2791	0.264
2792	0.264
2793	0.232
2794	0.232
2795	0.232
2796	0.24
2797	0.192
2798	0.184
2799	0.176
2800	0.192
2801	0.184
2802	0.248
2803	0.28
2804	0.28
2805	0.272
2806	0.24
2807	0.24
2808	0.272
2809	0.28
2810	0.312
2811	0.304
2812	0.264
2813	0.232
2814	0.256
2815	0.232
2816	0.2
2817	0.24
2818	0.248
2819	0.296
2820	0.304
2821	0.264
2822	0.248
2823	0.24
2824	0.272
2825	0.248
2826	0.248
2827	0.272
2828	0.32
2829	0.32
2830	0.32
2831	0.28
2832	0.272
2833	0.304
2834	0.28
2835	0.296
2836	0.296
2837	0.312
2838	0.312
2839	0.352
2840	0.312
2841	0.336
2842	0.296
2843	0.24
2844	0.288
2845	0.288
2846	0.288
2847	0.304
2848	0.264
2849	0.256
2850	0.232
2851	0.264
2852	0.248
2853	0.208
2854	0.184
2855	0.272
2856	0.248
2857	0.248
2858	0.176
2859	0.176
2860	0.192
2861	0.216
2862	0.184
2863	0.192
2864	0.216
2865	0.24
2866	0.24
2867	0.208
2868	0.256
2869	0.224
2870	0.232
2871	0.256
2872	0.248
2873	0.304
2874	0.304
2875	0.288
2876	0.328
2877	0.312
2878	0.304
2879	0.256
2880	0.208
2881	0.2
2882	0.216
2883	0.216
2884	0.224
2885	0.232
2886	0.216
2887	0.248
2888	0.232
2889	0.296
2890	0.288
2891	0.288
2892	0.272
2893	0.28
2894	0.232
2895	0.248
2896	0.264
2897	0.248
2898	0.272
2899	0.304
2900	0.264
2901	0.272
2902	0.272
2903	0.288
2904	0.28
2905	0.296
2906	0.304
2907	0.288
2908	0.288
2909	0.248
2910	0.264
2911	0.28
2912	0.32
2913	0.32
2914	0.296
2915	0.304
2916	0.304
2917	0.248
2918	0.28
2919	0.288
2920	0.28
2921	0.28
2922	0.248
2923	0.232
2924	0.256
2925	0.296
2926	0.28
2927	0.256
2928	0.256
2929	0.296
2930	0.272
2931	0.248
2932	0.272
2933	0.264
2934	0.288
2935	0.32
2936	0.304
2937	0.32
2938	0.312
2939	0.272
2940	0.272
2941	0.264
2942	0.248
2943	0.256
2944	0.24
2945	0.24
2946	0.288
2947	0.272
2948	0.272
2949	0.272
2950	0.28
2951	0.28
2952	0.296
2953	0.288
2954	0.312
2955	0.312
2956	0.352
2957	0.344
2958	0.328
2959	0.304
2960	0.304
2961	0.232
2962	0.28
2963	0.296
2964	0.288
2965	0.288
2966	0.264
2967	0.264
2968	0.296
2969	0.288
2970	0.28
2971	0.28
2972	0.24
2973	0.264
2974	0.256
2975	0.28
2976	0.296
2977	0.28
2978	0.296
2979	0.272
2980	0.272
2981	0.32
2982	0.288
2983	0.296
2984	0.272
2985	0.28
2986	0.272
2987	0.256
2988	0.256
2989	0.248
2990	0.232
2991	0.272
2992	0.256
2993	0.232
2994	0.216
2995	0.224
2996	0.224
2997	0.24
2998	0.272
2999	0.296
3000	0.272
3001	0.248
3002	0.208
3003	0.24
3004	0.256
3005	0.256
3006	0.248
3007	0.256
3008	0.272
3009	0.288
3010	0.272
3011	0.32
3012	0.312
3013	0.328
3014	0.296
3015	0.328
3016	0.312
3017	0.28
3018	0.288
3019	0.296
3020	0.288
3021	0.32
3022	0.344
3023	0.296
3024	0.272
3025	0.312
3026	0.264
3027	0.264
3028	0.256
3029	0.296
3030	0.304
3031	0.28
3032	0.248
3033	0.288
3034	0.304
3035	0.28
3036	0.256
3037	0.296
3038	0.312
3039	0.28
3040	0.288
3041	0.264
3042	0.264
3043	0.28
3044	0.304
3045	0.264
3046	0.264
3047	0.28
3048	0.28
3049	0.256
3050	0.256
3051	0.272
3052	0.256
3053	0.264
3054	0.296
3055	0.264
3056	0.288
3057	0.296
3058	0.312
3059	0.256
3060	0.264
3061	0.272
3062	0.288
3063	0.312
3064	0.272
3065	0.32
3066	0.304
3067	0.28
3068	0.296
3069	0.28
3070	0.288
3071	0.288
3072	0.256
3073	0.232
3074	0.192
3075	0.2
3076	0.24
3077	0.224
3078	0.248
3079	0.264
3080	0.264
3081	0.296
3082	0.272
3083	0.288
3084	0.288
3085	0.32
3086	0.272
3087	0.296
3088	0.28
3089	0.312
3090	0.208
3091	0.192
3092	0.192
3093	0.208
3094	0.232
3095	0.224
3096	0.256
3097	0.28
3098	0.304
3099	0.256
3100	0.264
3101	0.24
3102	0.2
3103	0.216
3104	0.264
3105	0.24
3106	0.256
3107	0.296
3108	0.28
3109	0.28
3110	0.264
3111	0.24
3112	0.232
3113	0.248
3114	0.256
3115	0.24
3116	0.264
3117	0.272
3118	0.272
3119	0.256
3120	0.256
3121	0.296
3122	0.336
3123	0.312
3124	0.296
3125	0.248
3126	0.256
3127	0.288
3128	0.264
3129	0.264
3130	0.216
3131	0.264
3132	0.304
3133	0.256
3134	0.312
3135	0.288
3136	0.264
3137	0.232
3138	0.256
3139	0.24
3140	0.216
3141	0.208
3142	0.208
3143	0.272
3144	0.256
3145	0.232
3146	0.232
3147	0.288
3148	0.216
3149	0.176
3150	0.232
3151	0.216
3152	0.232
3153	0.248
3154	0.248
3155	0.312
3156	0.32
3157	0.272
3158	0.264
3159	0.288
3160	0.296
3161	0.264
3162	0.32
3163	0.304
3164	0.256
3165	0.272
3166	0.28
3167	0.272
3168	0.312
3169	0.296
3170	0.304
3171	0.352
3172	0.328
3173	0.312
3174	0.296
3175	0.28
3176	0.248
3177	0.304
3178	0.304
3179	0.32
3180	0.328
3181	0.28
3182	0.224
3183	0.216
3184	0.208
3185	0.184
3186	0.216
3187	0.192
3188	0.2
3189	0.256
3190	0.248
3191	0.264
3192	0.312
3193	0.272
3194	0.272
3195	0.304
3196	0.264
3197	0.232
3198	0.24
3199	0.256
3200	0.256
3201	0.28
3202	0.312
3203	0.272
3204	0.28
3205	0.28
3206	0.288
3207	0.264
3208	0.32
3209	0.264
3210	0.264
3211	0.28
3212	0.24
3213	0.232
3214	0.232
3215	0.2
3216	0.168
3217	0.224
3218	0.184
3219	0.2
3220	0.2
3221	0.224
3222	0.28
3223	0.248
3224	0.232
3225	0.264
3226	0.264
3227	0.2
3228	0.28
3229	0.272
3230	0.288
3231	0.288
3232	0.24
3233	0.288
3234	0.288
3235	0.264
3236	0.28
3237	0.288
3238	0.232
3239	0.224
3240	0.224
3241	0.224
3242	0.248
3243	0.208
3244	0.216
3245	0.216
3246	0.2
3247	0.248
3248	0.288
3249	0.24
3250	0.256
3251	0.216
3252	0.248
3253	0.16
3254	0.24
3255	0.24
3256	0.28
3257	0.304
3258	0.304
3259	0.36
3260	0.344
3261	0.296
3262	0.248
3263	0.2
3264	0.232
3265	0.216
3266	0.216
3267	0.264
3268	0.28
3269	0.2
3270	0.248
3271	0.264
3272	0.256
3273	0.28
3274	0.312
3275	0.28
3276	0.272
3277	0.312
3278	0.328
3279	0.312
3280	0.232
3281	0.256
3282	0.216
3283	0.208
3284	0.208
3285	0.208
3286	0.248
3287	0.296
3288	0.304
3289	0.32
3290	0.304
3291	0.288
3292	0.296
3293	0.264
3294	0.288
3295	0.288
3296	0.248
3297	0.248
3298	0.248
3299	0.28
3300	0.288
3301	0.28
3302	0.304
3303	0.28
3304	0.256
3305	0.232
3306	0.288
3307	0.328
3308	0.312
3309	0.368
3310	0.368
3311	0.344
3312	0.304
3313	0.264
3314	0.288
3315	0.304
3316	0.32
3317	0.288
3318	0.32
3319	0.28
3320	0.28
3321	0.304
3322	0.232
3323	0.216
3324	0.224
3325	0.248
3326	0.296
3327	0.288
3328	0.256
3329	0.296
3330	0.28
3331	0.312
3332	0.32
3333	0.28
3334	0.288
3335	0.264
3336	0.24
3337	0.248
3338	0.272
3339	0.272
3340	0.28
3341	0.296
3342	0.28
3343	0.248
3344	0.272
3345	0.312
3346	0.32
3347	0.32
3348	0.312
3349	0.328
3350	0.344
3351	0.344
3352	0.352
3353	0.336
3354	0.304
3355	0.272
3356	0.296
3357	0.312
3358	0.2
3359	0.224
3360	0.272
3361	0.24
3362	0.24
3363	0.248
3364	0.272
3365	0.248
3366	0.28
3367	0.296
3368	0.328
3369	0.256
3370	0.288
3371	0.248
3372	0.28
3373	0.272
3374	0.248
3375	0.264
3376	0.264
3377	0.264
3378	0.312
3379	0.344
3380	0.36
3381	0.36
3382	0.328
3383	0.304
3384	0.32
3385	0.304
3386	0.312
3387	0.264
3388	0.256
3389	0.28
3390	0.28
3391	0.256
3392	0.248
3393	0.24
3394	0.24
3395	0.256
3396	0.288
3397	0.28
3398	0.272
3399	0.28
3400	0.248
3401	0.208
3402	0.224
3403	0.208
3404	0.216
3405	0.224
3406	0.24
3407	0.248
3408	0.232
3409	0.224
3410	0.232
3411	0.208
3412	0.248
3413	0.272
3414	0.304
3415	0.264
3416	0.232
3417	0.224
3418	0.232
3419	0.232
3420	0.248
3421	0.224
3422	0.208
3423	0.216
3424	0.216
3425	0.248
3426	0.256
3427	0.232
3428	0.224
3429	0.288
3430	0.28
3431	0.296
3432	0.272
3433	0.296
3434	0.272
3435	0.256
3436	0.256
3437	0.296
3438	0.232
3439	0.248
3440	0.24
3441	0.248
3442	0.328
3443	0.328
3444	0.256
3445	0.24
3446	0.224
3447	0.232
3448	0.248
3449	0.264
3450	0.208
3451	0.2
3452	0.2
3453	0.192
3454	0.216
3455	0.248
3456	0.232
3457	0.24
3458	0.224
3459	0.224
3460	0.304
3461	0.296
3462	0.264
3463	0.272
3464	0.288
3465	0.288
3466	0.28
3467	0.232
3468	0.216
3469	0.272
3470	0.272
3471	0.216
3472	0.312
3473	0.312
3474	0.32
3475	0.328
3476	0.368
3477	0.36
3478	0.352
3479	0.368
3480	0.4
3481	0.328
3482	0.336
3483	0.296
3484	0.32
3485	0.344
3486	0.376
3487	0.336
3488	0.36
3489	0.344
3490	0.32
3491	0.336
3492	0.312
3493	0.344
3494	0.296
3495	0.32
3496	0.328
3497	0.312
3498	0.288
3499	0.248
3500	0.248
3501	0.256
3502	0.224
3503	0.232
3504	0.24
3505	0.24
3506	0.264
3507	0.312
3508	0.28
3509	0.232
3510	0.248
3511	0.24
3512	0.248
3513	0.224
3514	0.232
3515	0.256
3516	0.28
3517	0.296
3518	0.312
3519	0.32
3520	0.304
3521	0.272
3522	0.28
3523	0.32
3524	0.304
3525	0.304
3526	0.32
3527	0.336
3528	0.312
3529	0.296
3530	0.28
3531	0.264
3532	0.232
3533	0.256
3534	0.224
3535	0.224
3536	0.28
3537	0.288
3538	0.28
3539	0.304
3540	0.296
3541	0.272
3542	0.28
3543	0.24
3544	0.232
3545	0.28
3546	0.312
3547	0.336
3548	0.328
3549	0.304
3550	0.288
3551	0.256
3552	0.208
3553	0.248
3554	0.224
3555	0.216
3556	0.224
3557	0.256
3558	0.328
3559	0.312
3560	0.328
3561	0.352
3562	0.368
3563	0.312
3564	0.304
3565	0.28
3566	0.256
3567	0.224
3568	0.24
3569	0.192
3570	0.192
3571	0.2
3572	0.256
3573	0.304
3574	0.28
3575	0.24
3576	0.272
3577	0.24
3578	0.288
3579	0.28
3580	0.28
3581	0.24
3582	0.232
3583	0.248
3584	0.272
3585	0.256
3586	0.264
3587	0.184
3588	0.184
3589	0.248
3590	0.224
3591	0.216
3592	0.256
3593	0.24
3594	0.272
3595	0.264
3596	0.304
3597	0.304
3598	0.28
3599	0.288
3600	0.264
3601	0.264
3602	0.288
3603	0.28
3604	0.224
3605	0.232
3606	0.224
3607	0.24
3608	0.2
3609	0.224
3610	0.24
3611	0.272
3612	0.264
3613	0.288
3614	0.28
3615	0.296
3616	0.344
3617	0.376
3618	0.384
3619	0.32
3620	0.344
3621	0.344
3622	0.304
3623	0.304
3624	0.312
3625	0.248
3626	0.24
3627	0.248
3628	0.24
3629	0.288
3630	0.288
3631	0.272
3632	0.288
3633	0.272
3634	0.272
3635	0.28
3636	0.312
3637	0.28
3638	0.264
3639	0.24
3640	0.296
3641	0.296
3642	0.272
3643	0.288
3644	0.32
3645	0.288
3646	0.296
3647	0.328
3648	0.32
3649	0.296
3650	0.288
3651	0.288
3652	0.344
3653	0.296
3654	0.28
3655	0.232
3656	0.2
3657	0.24
3658	0.256
3659	0.264
3660	0.296
3661	0.28
3662	0.272
3663	0.288
3664	0.272
3665	0.224
3666	0.264
3667	0.272
3668	0.288
3669	0.248
3670	0.256
3671	0.256
3672	0.264
3673	0.272
3674	0.272
3675	0.296
3676	0.264
3677	0.288
3678	0.28
3679	0.344
3680	0.32
3681	0.264
3682	0.296
3683	0.28
3684	0.296
3685	0.336
3686	0.344
3687	0.368
3688	0.312
3689	0.32
3690	0.344
3691	0.352
3692	0.344
3693	0.328
3694	0.304
3695	0.32
3696	0.296
3697	0.28
3698	0.248
3699	0.28
3700	0.272
3701	0.216
3702	0.24
3703	0.248
3704	0.264
3705	0.312
3706	0.312
3707	0.328
3708	0.368
3709	0.392
3710	0.336
3711	0.304
3712	0.28
3713	0.296
3714	0.36
3715	0.312
3716	0.272
3717	0.304
3718	0.248
3719	0.272
3720	0.28
3721	0.28
3722	0.256
3723	0.256
3724	0.272
3725	0.248
3726	0.28
3727	0.304
3728	0.264
3729	0.256
3730	0.272
3731	0.256
3732	0.296
3733	0.272
3734	0.272
3735	0.304
3736	0.296
3737	0.264
3738	0.256
3739	0.24
3740	0.288
3741	0.248
3742	0.264
3743	0.312
3744	0.248
3745	0.288
3746	0.328
3747	0.32
3748	0.32
3749	0.352
3750	0.352
3751	0.296
3752	0.224
3753	0.264
3754	0.288
3755	0.288
3756	0.32
3757	0.328
3758	0.272
3759	0.256
3760	0.296
3761	0.312
3762	0.312
3763	0.32
3764	0.304
3765	0.312
3766	0.312
3767	0.336
3768	0.32
3769	0.304
3770	0.288
3771	0.248
3772	0.24
3773	0.256
3774	0.264
3775	0.288
3776	0.296
3777	0.328
3778	0.328
3779	0.304
3780	0.264
3781	0.288
3782	0.304
3783	0.336
3784	0.312
3785	0.328
3786	0.28
3787	0.24
3788	0.24
3789	0.216
3790	0.24
3791	0.256
3792	0.272
3793	0.216
3794	0.272
3795	0.272
3796	0.264
3797	0.272
3798	0.224
3799	0.264
3800	0.264
3801	0.296
3802	0.296
3803	0.28
3804	0.272
3805	0.28
3806	0.32
3807	0.336
3808	0.344
3809	0.304
3810	0.32
3811	0.304
3812	0.328
3813	0.328
3814	0.296
3815	0.248
3816	0.248
3817	0.256
3818	0.256
3819	0.256
3820	0.28
3821	0.256
3822	0.264
3823	0.264
3824	0.208
3825	0.248
3826	0.224
3827	0.208
3828	0.28
3829	0.24
3830	0.248
3831	0.24
3832	0.256
3833	0.272
3834	0.296
3835	0.272
3836	0.264
3837	0.264
3838	0.288
3839	0.264
3840	0.232
3841	0.248
3842	0.232
3843	0.288
3844	0.24
3845	0.24
3846	0.248
3847	0.264
3848	0.248
3849	0.264
3850	0.248
3851	0.224
3852	0.232
3853	0.232
3854	0.24
3855	0.256
3856	0.248
3857	0.24
3858	0.232
3859	0.2
3860	0.184
3861	0.216
3862	0.224
3863	0.168
3864	0.152
3865	0.168
3866	0.16
3867	0.16
3868	0.24
3869	0.24
3870	0.232
3871	0.216
3872	0.224
3873	0.224
3874	0.208
3875	0.184
3876	0.16
3877	0.168
3878	0.184
3879	0.152
3880	0.24
3881	0.208
3882	0.216
3883	0.2
3884	0.2
3885	0.24
3886	0.248
3887	0.256
3888	0.32
3889	0.272
3890	0.264
3891	0.272
3892	0.28
3893	0.304
3894	0.272
3895	0.28
3896	0.288
3897	0.264
3898	0.256
3899	0.248
3900	0.184
3901	0.2
3902	0.256
3903	0.32
3904	0.296
3905	0.248
3906	0.264
3907	0.312
3908	0.28
3909	0.32
3910	0.288
3911	0.264
3912	0.264
3913	0.28
3914	0.264
3915	0.232
3916	0.176
3917	0.192
3918	0.176
3919	0.176
3920	0.2
3921	0.208
3922	0.224
3923	0.24
3924	0.288
3925	0.28
3926	0.296
3927	0.28
3928	0.288
3929	0.232
3930	0.192
3931	0.232
3932	0.248
3933	0.248
3934	0.28
3935	0.344
3936	0.36
3937	0.312
3938	0.304
3939	0.272
3940	0.248
3941	0.232
3942	0.248
3943	0.256
3944	0.256
3945	0.272
3946	0.272
3947	0.32
3948	0.296
3949	0.312
3950	0.272
3951	0.264
3952	0.248
3953	0.248
3954	0.264
3955	0.2
3956	0.224
3957	0.256
3958	0.216
3959	0.216
3960	0.216
3961	0.216
3962	0.24
3963	0.256
3964	0.336
3965	0.344
3966	0.344
3967	0.344
3968	0.368
3969	0.336
3970	0.328
3971	0.28
3972	0.248
3973	0.216
3974	0.224
3975	0.232
3976	0.288
3977	0.288
3978	0.304
3979	0.32
3980	0.32
3981	0.296
3982	0.256
3983	0.192
3984	0.2
3985	0.208
3986	0.216
3987	0.176
3988	0.128
3989	0.2
3990	0.208
3991	0.24
3992	0.216
3993	0.232
3994	0.304
3995	0.312
3996	0.288
3997	0.28
3998	0.32
3999	0.296
4000	0.304
4001	0.272
4002	0.296
4003	0.272
4004	0.304
4005	0.296
4006	0.272
4007	0.32
4008	0.304
4009	0.328
4010	0.304
4011	0.264
4012	0.256
4013	0.24
4014	0.2
4015	0.24
4016	0.176
4017	0.208
4018	0.2
4019	0.192
4020	0.192
4021	0.272
4022	0.216
4023	0.224
4024	0.176
4025	0.216
4026	0.264
4027	0.264
4028	0.272
4029	0.256
4030	0.264
4031	0.336
4032	0.312
4033	0.288
4034	0.208
4035	0.272
4036	0.328
4037	0.264
4038	0.224
4039	0.224
4040	0.192
4041	0.224
4042	0.2
4043	0.208
4044	0.248
4045	0.272
4046	0.28
4047	0.264
4048	0.304
4049	0.28
4050	0.288
4051	0.272
4052	0.256
4053	0.272
4054	0.264
4055	0.288
4056	0.352
4057	0.336
4058	0.288
4059	0.296
4060	0.256
4061	0.288
4062	0.256
4063	0.288
4064	0.264
4065	0.272
4066	0.264
4067	0.256
4068	0.264
4069	0.28
4070	0.256
4071	0.216
4072	0.216
4073	0.248
4074	0.248
4075	0.264
4076	0.256
4077	0.216
4078	0.24
4079	0.232
4080	0.272
4081	0.232
4082	0.216
4083	0.232
4084	0.296
4085	0.288
4086	0.36
4087	0.296
4088	0.296
4089	0.304
4090	0.32
4091	0.296
4092	0.304
4093	0.288
4094	0.312
4095	0.288
4096	0.312
4097	0.288
4098	0.264
4099	0.288
4100	0.248
4101	0.296
4102	0.248
4103	0.264
4104	0.272
4105	0.28
4106	0.312
4107	0.312
4108	0.288
4109	0.328
4110	0.352
4111	0.288
4112	0.264
4113	0.288
4114	0.32
4115	0.304
4116	0.272
4117	0.312
4118	0.256
4119	0.296
4120	0.28
4121	0.208
4122	0.216
4123	0.256
4124	0.264
4125	0.336
4126	0.336
4127	0.376
4128	0.312
4129	0.304
4130	0.288
4131	0.256
4132	0.272
4133	0.272
4134	0.304
4135	0.272
4136	0.288
4137	0.264
4138	0.256
4139	0.256
4140	0.304
4141	0.328
4142	0.336
4143	0.312
4144	0.328
4145	0.288
4146	0.288
4147	0.248
4148	0.28
4149	0.28
4150	0.32
4151	0.296
4152	0.272
4153	0.248
4154	0.248
4155	0.216
4156	0.232
4157	0.264
4158	0.232
4159	0.296
4160	0.296
4161	0.264
4162	0.256
4163	0.272
4164	0.272
4165	0.256
4166	0.272
4167	0.224
4168	0.216
4169	0.208
4170	0.208
4171	0.16
4172	0.224
4173	0.28
4174	0.272
4175	0.296
4176	0.28
4177	0.28
4178	0.32
4179	0.296
4180	0.304
4181	0.304
4182	0.304
4183	0.344
4184	0.28
4185	0.344
4186	0.312
4187	0.288
4188	0.288
4189	0.296
4190	0.256
4191	0.304
4192	0.272
4193	0.312
4194	0.304
4195	0.288
4196	0.304
4197	0.24
4198	0.192
4199	0.208
4200	0.24
4201	0.296
4202	0.256
4203	0.256
4204	0.264
4205	0.256
4206	0.28
4207	0.264
4208	0.296
4209	0.312
4210	0.336
4211	0.36
4212	0.36
4213	0.296
4214	0.256
4215	0.32
4216	0.328
4217	0.312
4218	0.304
4219	0.336
4220	0.288
4221	0.304
4222	0.312
4223	0.256
4224	0.256
4225	0.312
4226	0.36
4227	0.352
4228	0.384
4229	0.32
4230	0.336
4231	0.304
4232	0.256
4233	0.264
4234	0.232
4235	0.224
4236	0.272
4237	0.256
4238	0.216
4239	0.208
4240	0.192
4241	0.248
4242	0.272
4243	0.296
4244	0.296
4245	0.344
4246	0.344
4247	0.328
4248	0.312
4249	0.288
4250	0.32
4251	0.256
4252	0.248
4253	0.248
4254	0.264
4255	0.296
4256	0.288
4257	0.272
4258	0.288
4259	0.272
4260	0.24
4261	0.264
4262	0.296
4263	0.296
4264	0.28
4265	0.232
4266	0.232
4267	0.28
4268	0.264
4269	0.28
4270	0.248
4271	0.2
4272	0.176
4273	0.176
4274	0.24
4275	0.272
4276	0.28
4277	0.232
4278	0.232
4279	0.208
4280	0.248
4281	0.24
4282	0.272
4283	0.272
4284	0.288
4285	0.264
4286	0.304
4287	0.296
4288	0.28
4289	0.256
4290	0.256
4291	0.224
4292	0.224
4293	0.216
4294	0.272
4295	0.232
4296	0.232
4297	0.192
4298	0.216
4299	0.256
4300	0.264
4301	0.312
4302	0.32
4303	0.312
4304	0.328
4305	0.36
4306	0.312
4307	0.248
4308	0.288
4309	0.296
4310	0.296
4311	0.264
4312	0.256
4313	0.208
4314	0.216
4315	0.208
4316	0.24
4317	0.272
4318	0.264
4319	0.256
4320	0.264
4321	0.296
4322	0.32
4323	0.336
4324	0.304
4325	0.28
4326	0.272
4327	0.256
4328	0.232
4329	0.24
4330	0.288
4331	0.256
4332	0.304
4333	0.352
4334	0.32
4335	0.312
4336	0.272
4337	0.224
4338	0.28
4339	0.28
4340	0.28
4341	0.28
4342	0.256
4343	0.272
4344	0.32
4345	0.336
4346	0.304
4347	0.256
4348	0.256
4349	0.288
4350	0.256
4351	0.288
4352	0.232
4353	0.248
4354	0.216
4355	0.28
4356	0.28
4357	0.28
4358	0.296
4359	0.256
4360	0.264
4361	0.24
4362	0.248
4363	0.248
4364	0.232
4365	0.248
4366	0.344
4367	0.344
4368	0.304
4369	0.312
4370	0.304
4371	0.312
4372	0.312
4373	0.312
4374	0.272
4375	0.28
4376	0.296
4377	0.312
4378	0.312
4379	0.336
4380	0.352
4381	0.312
4382	0.328
4383	0.368
4384	0.336
4385	0.312
4386	0.32
4387	0.296
4388	0.296
4389	0.288
4390	0.256
4391	0.304
4392	0.28
4393	0.272
4394	0.264
4395	0.248
4396	0.288
4397	0.272
4398	0.272
4399	0.248
4400	0.248
4401	0.296
4402	0.256
4403	0.272
4404	0.288
4405	0.248
4406	0.296
4407	0.296
4408	0.288
4409	0.28
4410	0.312
4411	0.28
4412	0.264
4413	0.288
4414	0.384
4415	0.328
4416	0.312
4417	0.32
4418	0.256
4419	0.24
4420	0.256
4421	0.232
4422	0.272
4423	0.272
4424	0.264
4425	0.312
4426	0.272
4427	0.328
4428	0.304
4429	0.296
4430	0.288
4431	0.264
4432	0.264
4433	0.232
4434	0.264
4435	0.304
4436	0.28
4437	0.272
4438	0.28
4439	0.336
4440	0.312
4441	0.296
4442	0.336
4443	0.264
4444	0.264
4445	0.288
4446	0.256
4447	0.288
4448	0.296
4449	0.296
4450	0.272
4451	0.256
4452	0.232
4453	0.232
4454	0.28
4455	0.288
4456	0.248
4457	0.296
4458	0.264
4459	0.288
4460	0.312
4461	0.336
4462	0.28
4463	0.28
4464	0.288
4465	0.288
4466	0.264
4467	0.264
4468	0.288
4469	0.264
4470	0.216
4471	0.24
4472	0.264
4473	0.304
4474	0.256
4475	0.232
4476	0.248
4477	0.256
4478	0.256
4479	0.264
4480	0.264
4481	0.248
4482	0.328
4483	0.28
4484	0.264
4485	0.248
4486	0.264
4487	0.288
4488	0.288
4489	0.32
4490	0.248
4491	0.288
4492	0.288
4493	0.272
4494	0.272
4495	0.272
4496	0.304
4497	0.28
4498	0.272
4499	0.264
4500	0.312
4501	0.336
4502	0.312
4503	0.312
4504	0.248
4505	0.232
4506	0.256
4507	0.224
4508	0.248
4509	0.248
4510	0.296
4511	0.296
4512	0.272
4513	0.264
4514	0.28
4515	0.256
4516	0.216
4517	0.2
4518	0.264
4519	0.28
4520	0.336
4521	0.312
4522	0.304
4523	0.288
4524	0.264
4525	0.232
4526	0.24
4527	0.24
4528	0.248
4529	0.264
4530	0.24
4531	0.272
4532	0.256
4533	0.296
4534	0.256
4535	0.264
4536	0.256
4537	0.264
4538	0.288
4539	0.336
4540	0.344
4541	0.304
4542	0.28
4543	0.304
4544	0.288
4545	0.28
4546	0.256
4547	0.264
4548	0.288
4549	0.368
4550	0.328
4551	0.32
4552	0.296
4553	0.328
4554	0.328
4555	0.304
4556	0.304
4557	0.272
4558	0.248
4559	0.264
4560	0.264
4561	0.304
4562	0.304
4563	0.288
4564	0.304
4565	0.304
4566	0.296
4567	0.28
4568	0.296
4569	0.32
4570	0.288
4571	0.248
4572	0.296
4573	0.24
4574	0.264
4575	0.248
4576	0.216
4577	0.232
4578	0.2
4579	0.216
4580	0.192
4581	0.168
4582	0.2
4583	0.168
4584	0.168
4585	0.184
4586	0.208
4587	0.232
4588	0.224
4589	0.24
4590	0.208
4591	0.216
4592	0.2
4593	0.2
4594	0.184
4595	0.192
4596	0.208
4597	0.168
4598	0.176
4599	0.208
4600	0.2
4601	0.248
4602	0.272
4603	0.312
4604	0.32
4605	0.296
4606	0.288
4607	0.28
4608	0.304
4609	0.304
4610	0.328
4611	0.296
4612	0.304
4613	0.248
4614	0.248
4615	0.272
4616	0.28
4617	0.256
4618	0.224
4619	0.272
4620	0.208
4621	0.216
4622	0.248
4623	0.288
4624	0.248
4625	0.272
4626	0.216
4627	0.248
4628	0.288
4629	0.296
4630	0.288
4631	0.24
4632	0.248
4633	0.24
4634	0.272
4635	0.272
4636	0.288
4637	0.288
4638	0.256
4639	0.288
4640	0.264
4641	0.296
4642	0.312
4643	0.36
4644	0.304
4645	0.312
4646	0.304
4647	0.288
4648	0.288
4649	0.256
4650	0.256
4651	0.248
4652	0.232
4653	0.248
4654	0.264
4655	0.28
4656	0.296
4657	0.24
4658	0.272
4659	0.272
4660	0.296
4661	0.256
4662	0.288
4663	0.296
4664	0.248
4665	0.232
4666	0.232
4667	0.256
4668	0.216
4669	0.208
4670	0.192
4671	0.248
4672	0.208
4673	0.208
4674	0.248
4675	0.264
4676	0.288
4677	0.28
4678	0.248
4679	0.272
4680	0.28
4681	0.272
4682	0.272
4683	0.288
4684	0.304
4685	0.28
4686	0.264
4687	0.296
4688	0.264
4689	0.272
4690	0.296
4691	0.272
4692	0.328
4693	0.328
4694	0.304
4695	0.32
4696	0.32
4697	0.296
4698	0.328
4699	0.312
4700	0.272
4701	0.24
4702	0.264
4703	0.288
4704	0.336
4705	0.304
4706	0.24
4707	0.224
4708	0.232
4709	0.28
4710	0.288
4711	0.224
4712	0.248
4713	0.232
4714	0.272
4715	0.248
4716	0.24
4717	0.264
4718	0.304
4719	0.272
4720	0.24
4721	0.256
4722	0.224
4723	0.24
4724	0.168
4725	0.152
4726	0.184
4727	0.208
4728	0.232
4729	0.216
4730	0.24
4731	0.24
4732	0.264
4733	0.288
4734	0.304
4735	0.272
4736	0.264
4737	0.256
4738	0.28
4739	0.216
4740	0.256
4741	0.304
4742	0.336
4743	0.392
4744	0.344
4745	0.336
4746	0.296
4747	0.336
4748	0.336
4749	0.344
4750	0.312
4751	0.296
4752	0.304
4753	0.288
4754	0.312
4755	0.312
4756	0.28
4757	0.272
4758	0.28
4759	0.272
4760	0.296
4761	0.296
4762	0.28
4763	0.264
4764	0.232
4765	0.232
4766	0.256
4767	0.232
4768	0.232
4769	0.272
4770	0.288
4771	0.24
4772	0.272
4773	0.28
4774	0.272
4775	0.24
4776	0.248
4777	0.248
4778	0.232
4779	0.232
4780	0.256
4781	0.208
4782	0.216
4783	0.2
4784	0.216
4785	0.248
4786	0.208
4787	0.24
4788	0.24
4789	0.24
4790	0.248
4791	0.256
4792	0.296
4793	0.288
4794	0.24
4795	0.248
4796	0.24
4797	0.248
4798	0.248
4799	0.216
4800	0.272
4801	0.224
4802	0.24
4803	0.224
4804	0.24
4805	0.28
4806	0.296
4807	0.304
4808	0.312
4809	0.304
4810	0.344
4811	0.336
4812	0.296
4813	0.304
4814	0.32
4815	0.28
4816	0.28
4817	0.304
4818	0.312
4819	0.304
4820	0.336
4821	0.264
4822	0.296
4823	0.28
4824	0.264
4825	0.296
4826	0.336
4827	0.328
4828	0.344
4829	0.296
4830	0.288
4831	0.28
4832	0.264
4833	0.248
4834	0.28
4835	0.304
4836	0.248
4837	0.256
4838	0.264
4839	0.248
4840	0.248
4841	0.264
4842	0.184
4843	0.224
4844	0.24
4845	0.288
4846	0.264
4847	0.232
4848	0.2
4849	0.28
4850	0.248
4851	0.256
4852	0.264
4853	0.256
4854	0.304
4855	0.256
4856	0.192
4857	0.216
4858	0.232
4859	0.224
4860	0.192
4861	0.224
4862	0.24
4863	0.272
4864	0.232
4865	0.28
4866	0.256
4867	0.272
4868	0.24
4869	0.208
4870	0.24
4871	0.248
4872	0.272
4873	0.216
4874	0.256
4875	0.272
4876	0.288
4877	0.28
4878	0.296
4879	0.248
4880	0.24
4881	0.264
4882	0.24
4883	0.24
4884	0.216
4885	0.264
4886	0.296
4887	0.264
4888	0.224
4889	0.264
4890	0.32
4891	0.32
4892	0.272
4893	0.272
4894	0.256
4895	0.224
4896	0.216
4897	0.208
4898	0.192
4899	0.208
4900	0.24
4901	0.208
4902	0.288
4903	0.256
4904	0.232
4905	0.232
4906	0.264
4907	0.208
4908	0.216
4909	0.24
4910	0.264
4911	0.216
4912	0.216
4913	0.224
4914	0.232
4915	0.224
4916	0.256
4917	0.272
4918	0.224
4919	0.28
4920	0.24
4921	0.224
4922	0.24
4923	0.296
4924	0.24
4925	0.216
4926	0.272
4927	0.264
4928	0.224
4929	0.208
4930	0.304
4931	0.272
4932	0.24
4933	0.264
4934	0.28
4935	0.288
4936	0.288
4937	0.288
4938	0.296
4939	0.264
4940	0.288
4941	0.248
4942	0.264
4943	0.248
4944	0.264
4945	0.256
4946	0.256
4947	0.216
4948	0.224
4949	0.16
4950	0.2
4951	0.208
4952	0.24
4953	0.232
4954	0.24
4955	0.256
4956	0.256
4957	0.224
4958	0.248
4959	0.24
4960	0.208
4961	0.232
4962	0.192
4963	0.256
4964	0.24
4965	0.248
4966	0.256
4967	0.288
4968	0.28
4969	0.248
4970	0.2
4971	0.184
4972	0.168
4973	0.208
4974	0.264
4975	0.264
4976	0.288
4977	0.312
4978	0.288
4979	0.28
4980	0.296
4981	0.304
4982	0.256
4983	0.28
4984	0.28
4985	0.256
4986	0.264
4987	0.256
4988	0.272
4989	0.24
4990	0.288
4991	0.32
4992	0.32
4993	0.296
4994	0.28
4995	0.248
4996	0.24
4997	0.208
4998	0.24
4999	0.256
5000	0.272
