#	E / N 
1	-2.382353
2	-1.92
3	-1.809524
4	-1.863636
5	-2.074074
6	-2.291667
7	-2.333333
8	-2.16129
9	-2.230769
10	-2.222222
11	-2.172414
12	-2.555556
13	-2.694444
14	-2.685714
15	-2.466667
16	-2.65625
17	-2.645161
18	-2.5
19	-2.571429
20	-2.517241
21	-2.625
22	-2.451613
23	-2.789474
24	-2.484848
25	-2.483871
26	-2.4
27	-2.310345
28	-2.272727
29	-2.897436
30	-2.666667
31	-2.515152
32	-2.392857
33	-2.586207
34	-2.535714
35	-2.8125
36	-2.529412
37	-2.742857
38	-2.815789
39	-2.789474
40	-2.648649
41	-2.588235
42	-2.466667
43	-2.606061
44	-2.805556
45	-2.783784
46	-2.8
47	-2.976744
48	-2.860465
49	-2.930233
50	-3.367347
51	-3.27907
52	-2.95
53	-2.805556
54	-2.975
55	-3.078947
56	-3.027027
57	-2.852941
58	-2.833333
59	-2.777778
60	-2.694444
61	-2.65625
62	-2.6
63	-2.545455
64	-2.466667
65	-2.59375
66	-2.464286
67	-2.59375
68	-2.947368
69	-2.705882
70	-2.636364
71	-2.921053
72	-2.975
73	-2.705882
74	-2.583333
75	-2.820513
76	-2.694444
77	-2.894737
78	-3.102564
79	-2.916667
80	-2.392857
81	-2.529412
82	-2.466667
83	-2.914286
84	-2.783784
85	-2.575758
86	-2.46875
87	-2.322581
88	-2.589744
89	-2.4375
90	-2.071429
91	-2.04
92	-2.074074
93	-2.416667
94	-2.441176
95	-2.25
96	-2.066667
97	-2.371429
98	-2.441176
99	-2.517241
100	-2.25
101	-2.185185
102	-2.444444
103	-2.3
104	-2.166667
105	-2.333333
106	-2.074074
107	-1.964286
108	-2.484848
109	-2.416667
110	-2.258065
111	-2.333333
112	-2.527778
113	-2.717949
114	-2.904762
115	-2.555556
116	-2.46875
117	-2.1
118	-2.25
119	-2.227273
120	-2.434783
121	-2.551724
122	-2.354839
123	-2.952381
124	-2.842105
125	-2.875
126	-3.0
127	-2.973684
128	-2.891892
129	-2.806452
130	-2.83871
131	-2.628571
132	-2.34375
133	-2.307692
134	-2.148148
135	-2.0
136	-1.958333
137	-1.785714
138	-1.931034
139	-2.032258
140	-1.851852
141	-2.1
142	-2.074074
143	-2.40625
144	-2.6
145	-2.529412
146	-2.606061
147	-2.973684
148	-3.170732
149	-2.736842
150	-2.72973
151	-2.638889
152	-2.516129
153	-2.5
154	-2.894737
155	-2.914286
156	-2.823529
157	-2.676471
158	-2.72973
159	-2.756757
160	-2.953488
161	-2.780488
162	-2.871795
163	-2.864865
164	-3.0
165	-3.282609
166	-3.244444
167	-3.04878
168	-3.162791
169	-3.0
170	-2.825
171	-2.566667
172	-2.103448
173	-1.964286
174	-2.352941
175	-2.555556
176	-2.321429
177	-2.657143
178	-2.558824
179	-2.647059
180	-2.918919
181	-2.735294
182	-2.551724
183	-2.466667
184	-2.4
185	-2.392857
186	-2.354839
187	-2.266667
188	-2.264706
189	-2.363636
190	-2.222222
191	-2.419355
192	-2.542857
193	-2.363636
194	-2.321429
195	-2.52
196	-2.208333
197	-2.321429
198	-2.322581
199	-2.4375
200	-2.3125
201	-2.4375
202	-2.529412
203	-2.633333
204	-2.516129
205	-2.542857
206	-2.153846
207	-2.137931
208	-2.484848
209	-2.675676
210	-2.897436
211	-2.783784
212	-2.810811
213	-2.628571
214	-2.736842
215	-2.636364
216	-2.628571
217	-2.945946
218	-2.95
219	-3.0
220	-3.027027
221	-3.028571
222	-3.052632
223	-2.888889
224	-2.777778
225	-2.777778
226	-2.636364
227	-2.6875
228	-2.5625
229	-2.694444
230	-2.846154
231	-2.871795
232	-2.837838
233	-2.756757
234	-2.794118
235	-2.647059
236	-2.5625
237	-2.483871
238	-2.272727
239	-2.904762
240	-2.897436
241	-3.0
242	-3.131579
243	-2.972222
244	-2.810811
245	-2.529412
246	-2.756757
247	-3.0
248	-2.941176
249	-2.833333
250	-2.794118
251	-3.0
252	-3.135135
253	-2.71875
254	-3.2
255	-3.456522
256	-3.227273
257	-3.052632
258	-3.076923
259	-2.891892
260	-3.047619
261	-2.921053
262	-2.542857
263	-2.930233
264	-2.902439
265	-2.904762
266	-2.714286
267	-2.363636
268	-2.692308
269	-2.65
270	-2.775
271	-2.880952
272	-2.761905
273	-2.5
274	-2.775
275	-3.021739
276	-2.837209
277	-2.860465
278	-2.8
279	-3.222222
280	-3.047619
281	-3.190476
282	-3.025
283	-3.025
284	-3.326087
285	-3.5
286	-3.446809
287	-3.261905
288	-3.27907
289	-3.025
290	-2.789474
291	-2.75
292	-2.666667
293	-2.928571
294	-2.769231
295	-3.0
296	-3.075
297	-3.0
298	-2.944444
299	-2.894737
300	-2.837838
301	-2.727273
302	-2.868421
303	-2.575758
304	-2.567568
305	-2.571429
306	-2.53125
307	-2.820513
308	-2.702703
309	-2.454545
310	-2.419355
311	-2.375
312	-2.125
313	-2.411765
314	-2.571429
315	-2.466667
316	-2.40625
317	-2.235294
318	-1.807692
319	-1.88
320	-2.3
321	-2.241379
322	-2.407407
323	-2.392857
324	-2.206897
325	-2.225806
326	-2.333333
327	-2.333333
328	-2.483871
329	-2.321429
330	-2.344828
331	-2.178571
332	-2.40625
333	-2.59375
334	-2.685714
335	-3.05
336	-3.076923
337	-2.972222
338	-2.972973
339	-3.108108
340	-3.102564
341	-3.175
342	-3.0
343	-3.222222
344	-3.051282
345	-2.820513
346	-2.707317
347	-2.484848
348	-2.617647
349	-2.354839
350	-2.794118
351	-2.972222
352	-2.764706
353	-2.75
354	-2.864865
355	-2.705882
356	-2.736842
357	-2.611111
358	-2.676471
359	-2.65625
360	-2.515152
361	-2.638889
362	-2.621622
363	-2.411765
364	-2.090909
365	-2.310345
366	-2.4375
367	-2.322581
368	-2.583333
369	-2.7
370	-2.611111
371	-2.457143
372	-2.710526
373	-2.702703
374	-2.815789
375	-2.53125
376	-2.633333
377	-2.466667
378	-2.257143
379	-2.65
380	-2.641026
381	-2.685714
382	-2.485714
383	-2.611111
384	-2.558824
385	-2.868421
386	-2.571429
387	-2.393939
388	-2.290323
389	-2.6
390	-2.148148
391	-2.382353
392	-2.3125
393	-2.621622
394	-2.72973
395	-2.575758
396	-2.266667
397	-2.482759
398	-2.551724
399	-2.580645
400	-2.517241
401	-2.04
402	-1.75
403	-2.041667
404	-2.37931
405	-2.322581
406	-2.21875
407	-2.192308
408	-2.148148
409	-2.689655
410	-2.633333
411	-2.535714
412	-2.366667
413	-2.354839
414	-2.694444
415	-2.28125
416	-2.272727
417	-2.3
418	-2.166667
419	-2.676471
420	-2.705882
421	-2.514286
422	-2.515152
423	-2.8
424	-2.5
425	-2.46875
426	-2.526316
427	-2.540541
428	-2.411765
429	-2.388889
430	-2.585366
431	-2.454545
432	-2.28125
433	-1.909091
434	-1.92
435	-2.0625
436	-2.514286
437	-2.702703
438	-2.742857
439	-2.923077
440	-2.8
441	-2.714286
442	-2.527778
443	-2.322581
444	-2.333333
445	-2.352941
446	-2.193548
447	-2.482759
448	-2.322581
449	-2.789474
450	-3.0
451	-3.05
452	-3.372093
453	-3.428571
454	-3.268293
455	-2.885714
456	-2.823529
457	-2.891892
458	-2.774194
459	-2.777778
460	-2.944444
461	-3.097561
462	-3.05
463	-3.026316
464	-2.764706
465	-2.642857
466	-2.607143
467	-2.5
468	-2.709677
469	-2.921053
470	-2.794118
471	-2.636364
472	-2.794118
473	-2.764706
474	-2.828571
475	-2.722222
476	-2.75
477	-2.923077
478	-3.073171
479	-2.837838
480	-2.636364
481	-2.5625
482	-2.5625
483	-2.5
484	-2.571429
485	-2.594595
486	-2.736842
487	-2.609756
488	-2.666667
489	-2.514286
490	-2.794872
491	-2.710526
492	-2.756757
493	-2.916667
494	-2.676471
495	-2.153846
496	-2.25
497	-2.321429
498	-2.264706
499	-2.702703
500	-3.02439
501	-3.238095
502	-3.15
503	-2.902439
504	-2.815789
505	-2.685714
506	-2.75
507	-2.588235
508	-2.647059
509	-2.552632
510	-2.470588
511	-2.636364
512	-2.657143
513	-2.725
514	-2.5
515	-2.628571
516	-2.638889
517	-2.411765
518	-2.583333
519	-2.285714
520	-1.833333
521	-2.21875
522	-2.424242
523	-2.5
524	-2.322581
525	-2.948718
526	-2.621622
527	-2.514286
528	-2.606061
529	-2.6875
530	-2.5
531	-2.5625
532	-2.685714
533	-2.589744
534	-2.666667
535	-2.954545
536	-2.790698
537	-2.657895
538	-2.258065
539	-2.2
540	-2.034483
541	-1.96
542	-2.166667
543	-1.846154
544	-2.125
545	-2.310345
546	-2.392857
547	-2.558824
548	-2.451613
549	-2.354839
550	-1.826087
551	-2.083333
552	-2.241379
553	-2.555556
554	-2.451613
555	-2.352941
556	-2.392857
557	-2.392857
558	-2.241379
559	-2.285714
560	-2.636364
561	-2.75
562	-2.684211
563	-2.825
564	-2.789474
565	-2.483871
566	-2.542857
567	-2.419355
568	-2.714286
569	-2.533333
570	-2.611111
571	-2.769231
572	-2.777778
573	-2.95
574	-2.580645
575	-2.548387
576	-2.419355
577	-2.352941
578	-2.258065
579	-2.457143
580	-2.375
581	-2.454545
582	-2.5
583	-2.411765
584	-2.16129
585	-2.4
586	-2.214286
587	-2.5
588	-2.451613
589	-2.275862
590	-2.5
591	-3.190476
592	-2.972222
593	-2.551724
594	-2.485714
595	-2.567568
596	-2.904762
597	-2.891892
598	-2.694444
599	-2.675
600	-2.540541
601	-2.684211
602	-2.742857
603	-2.62069
604	-2.848485
605	-2.709677
606	-2.842105
607	-2.952381
608	-3.268293
609	-2.926829
610	-2.875
611	-2.666667
612	-2.815789
613	-2.675676
614	-2.675676
615	-2.74359
616	-2.85
617	-2.354839
618	-2.466667
619	-2.742857
620	-2.709677
621	-2.7
622	-2.71875
623	-2.676471
624	-2.533333
625	-2.655172
626	-2.7
627	-2.727273
628	-2.882353
629	-2.454545
630	-2.3
631	-2.214286
632	-2.472222
633	-2.538462
634	-2.684211
635	-2.631579
636	-2.272727
637	-2.55
638	-2.794872
639	-2.738095
640	-2.694444
641	-2.310345
642	-2.575758
643	-2.6
644	-2.75
645	-2.837838
646	-2.413793
647	-2.8125
648	-2.823529
649	-2.717949
650	-2.923077
651	-2.735294
652	-2.714286
653	-2.59375
654	-2.78125
655	-2.2
656	-2.16
657	-2.483871
658	-2.657143
659	-2.974359
660	-3.186047
661	-3.026316
662	-2.947368
663	-2.894737
664	-3.0
665	-2.433333
666	-2.548387
667	-2.837838
668	-2.977273
669	-2.875
670	-3.0
671	-2.771429
672	-2.606061
673	-2.69697
674	-2.285714
675	-2.038462
676	-2.344828
677	-2.34375
678	-2.702703
679	-2.805556
680	-2.861111
681	-2.878788
682	-3.032258
683	-2.818182
684	-2.852941
685	-2.846154
686	-2.735294
687	-2.69697
688	-2.842105
689	-2.694444
690	-2.621622
691	-2.675676
692	-2.647059
693	-2.771429
694	-2.375
695	-2.344828
696	-2.451613
697	-2.764706
698	-2.971429
699	-2.941176
700	-2.617647
701	-2.628571
702	-2.685714
703	-2.783784
704	-2.722222
705	-3.057143
706	-3.085714
707	-2.972222
708	-2.647059
709	-2.636364
710	-2.588235
711	-2.72973
712	-2.756757
713	-2.5
714	-2.558824
715	-2.789474
716	-2.37931
717	-2.666667
718	-2.617647
719	-2.382353
720	-2.419355
721	-2.464286
722	-2.592593
723	-2.666667
724	-2.714286
725	-2.580645
726	-2.606061
727	-2.771429
728	-2.40625
729	-1.962963
730	-2.034483
731	-1.928571
732	-2.153846
733	-2.428571
734	-2.068966
735	-2.447368
736	-2.322581
737	-2.266667
738	-2.5
739	-3.071429
740	-3.195122
741	-3.081081
742	-3.131579
743	-3.225
744	-3.128205
745	-3.0
746	-3.105263
747	-3.184211
748	-2.685714
749	-2.794118
750	-2.78125
751	-2.740741
752	-2.62069
753	-2.722222
754	-2.846154
755	-2.815789
756	-2.69697
757	-2.566667
758	-2.709677
759	-2.636364
760	-2.606061
761	-2.516129
762	-2.290323
763	-2.04
764	-2.148148
765	-2.166667
766	-1.875
767	-2.172414
768	-2.241379
769	-2.166667
770	-2.166667
771	-1.892857
772	-2.193548
773	-2.137931
774	-2.285714
775	-2.387097
776	-2.575758
777	-2.742857
778	-2.575758
779	-2.148148
780	-1.821429
781	-1.541667
782	-2.0
783	-1.52381
784	-1.611111
785	-1.791667
786	-1.72
787	-1.666667
788	-1.8
789	-1.869565
790	-1.727273
791	-1.68
792	-1.888889
793	-2.21875
794	-2.30303
795	-2.264706
796	-2.6
797	-2.40625
798	-2.676471
799	-2.628571
800	-2.9
801	-3.152174
802	-2.648649
803	-2.617647
804	-2.382353
805	-2.388889
806	-2.4
807	-2.6
808	-2.545455
809	-2.34375
810	-2.529412
811	-2.636364
812	-2.258065
813	-2.096774
814	-1.785714
815	-1.727273
816	-1.695652
817	-1.608696
818	-1.916667
819	-2.185185
820	-2.484848
821	-2.533333
822	-2.75
823	-3.0
824	-2.636364
825	-2.59375
826	-2.448276
827	-2.625
828	-2.657143
829	-2.694444
830	-2.555556
831	-2.205882
832	-2.642857
833	-2.648649
834	-2.321429
835	-2.694444
836	-2.694444
837	-2.344828
838	-2.5
839	-2.107143
840	-2.65625
841	-2.575758
842	-2.142857
843	-2.310345
844	-2.21875
845	-2.589744
846	-2.342857
847	-2.129032
848	-2.033333
849	-1.965517
850	-2.137931
851	-2.375
852	-2.763158
853	-3.0
854	-3.214286
855	-2.842105
856	-2.702703
857	-2.589744
858	-2.4
859	-2.4
860	-2.419355
861	-2.4
862	-2.621622
863	-2.542857
864	-2.930233
865	-2.926829
866	-2.785714
867	-2.829268
868	-2.794872
869	-2.789474
870	-3.102564
871	-2.810811
872	-2.3
873	-2.148148
874	-2.4375
875	-2.514286
876	-2.621622
877	-2.722222
878	-2.833333
879	-2.702703
880	-2.484848
881	-2.552632
882	-2.820513
883	-3.073171
884	-3.073171
885	-2.948718
886	-2.783784
887	-2.95
888	-3.045455
889	-3.044444
890	-2.675
891	-2.785714
892	-3.395833
893	-3.44898
894	-3.363636
895	-3.230769
896	-3.289474
897	-3.108108
898	-2.837838
899	-2.514286
900	-2.558824
901	-2.25
902	-2.871795
903	-2.97561
904	-2.921053
905	-2.771429
906	-2.727273
907	-2.607143
908	-2.483871
909	-2.727273
910	-2.766667
911	-2.724138
912	-2.62069
913	-2.208333
914	-2.269231
915	-2.12
916	-2.0
917	-1.965517
918	-2.16129
919	-2.333333
920	-2.675676
921	-2.486486
922	-2.34375
923	-2.16129
924	-2.193548
925	-2.285714
926	-2.451613
927	-2.451613
928	-2.342857
929	-2.333333
930	-2.631579
931	-2.666667
932	-2.684211
933	-2.666667
934	-2.470588
935	-2.454545
936	-2.393939
937	-2.558824
938	-2.828571
939	-2.657143
940	-2.675676
941	-2.225806
942	-2.37931
943	-2.75
944	-2.880952
945	-3.023256
946	-2.605263
947	-2.615385
948	-3.05
949	-3.195652
950	-3.133333
951	-2.685714
952	-2.868421
953	-2.897436
954	-2.675676
955	-2.555556
956	-2.675
957	-3.090909
958	-2.948718
959	-3.071429
960	-3.04878
961	-2.864865
962	-3.02381
963	-3.121951
964	-2.645161
965	-2.888889
966	-2.945946
967	-3.227273
968	-2.868421
969	-2.783784
970	-2.789474
971	-2.454545
972	-2.684211
973	-2.333333
974	-2.473684
975	-1.9
976	-1.965517
977	-2.166667
978	-2.354839
979	-2.615385
980	-2.137931
981	-2.206897
982	-1.851852
983	-1.636364
984	-2.185185
985	-1.714286
986	-2.133333
987	-1.888889
988	-2.125
989	-2.166667
990	-2.275862
991	-2.387097
992	-2.354839
993	-2.6
994	-2.666667
995	-2.615385
996	-2.5
997	-2.571429
998	-2.65625
999	-2.451613
1000	-2.545455
1001	-2.483871
1002	-1.772727
1003	-2.095238
1004	-2.208333
1005	-1.863636
1006	-2.130435
1007	-1.961538
1008	-2.16
1009	-2.318182
1010	-2.214286
1011	-2.527778
1012	-2.382353
1013	-2.212121
1014	-2.59375
1015	-2.771429
1016	-2.837838
1017	-2.611111
1018	-2.259259
1019	-2.617647
1020	-2.764706
1021	-2.828571
1022	-2.5
1023	-2.424242
1024	-2.185185
1025	-2.115385
1026	-2.548387
1027	-2.193548
1028	-2.0
1029	-2.115385
1030	-1.869565
1031	-2.12
1032	-1.884615
1033	-1.833333
1034	-2.0
1035	-2.15625
1036	-2.472222
1037	-2.473684
1038	-2.454545
1039	-2.333333
1040	-2.225806
1041	-2.382353
1042	-2.192308
1043	-2.32
1044	-2.4
1045	-2.485714
1046	-2.657895
1047	-2.611111
1048	-2.647059
1049	-2.484848
1050	-2.371429
1051	-2.133333
1052	-1.967742
1053	-1.925926
1054	-2.387097
1055	-2.448276
1056	-2.230769
1057	-2.172414
1058	-2.366667
1059	-2.694444
1060	-2.685714
1061	-2.535714
1062	-2.115385
1063	-2.1
1064	-2.3125
1065	-2.483871
1066	-2.566667
1067	-2.78125
1068	-2.625
1069	-2.59375
1070	-2.657143
1071	-2.871795
1072	-2.677419
1073	-2.787879
1074	-2.9
1075	-2.926829
1076	-3.025
1077	-3.146341
1078	-3.069767
1079	-3.190476
1080	-3.302326
1081	-3.175
1082	-3.325581
1083	-3.095238
1084	-2.894737
1085	-2.853659
1086	-2.382353
1087	-2.5
1088	-2.694444
1089	-2.393939
1090	-2.542857
1091	-2.275862
1092	-2.382353
1093	-2.387097
1094	-2.6
1095	-2.617647
1096	-2.828571
1097	-2.393939
1098	-2.428571
1099	-2.432432
1100	-2.21875
1101	-2.171429
1102	-2.513514
1103	-2.451613
1104	-2.548387
1105	-2.3
1106	-2.433333
1107	-2.424242
1108	-1.846154
1109	-1.965517
1110	-2.342105
1111	-2.472222
1112	-2.575758
1113	-2.333333
1114	-2.947368
1115	-3.093023
1116	-2.945946
1117	-2.846154
1118	-2.894737
1119	-2.828571
1120	-3.028571
1121	-2.866667
1122	-2.485714
1123	-2.628571
1124	-2.9
1125	-2.775
1126	-3.0
1127	-2.977778
1128	-3.047619
1129	-2.871795
1130	-3.05
1131	-3.15
1132	-3.170732
1133	-2.742857
1134	-2.8
1135	-2.625
1136	-2.818182
1137	-2.885714
1138	-2.764706
1139	-2.794118
1140	-2.333333
1141	-2.269231
1142	-2.40625
1143	-2.472222
1144	-2.421053
1145	-2.578947
1146	-2.675676
1147	-2.393939
1148	-2.321429
1149	-2.28125
1150	-2.206897
1151	-1.851852
1152	-1.933333
1153	-2.526316
1154	-2.225806
1155	-2.1
1156	-2.185185
1157	-2.558824
1158	-2.675
1159	-2.483871
1160	-2.566667
1161	-2.571429
1162	-2.621622
1163	-2.810811
1164	-2.571429
1165	-2.40625
1166	-2.775
1167	-2.625
1168	-2.40625
1169	-2.290323
1170	-2.0
1171	-2.068966
1172	-2.16129
1173	-2.0
1174	-2.043478
1175	-2.290323
1176	-2.137931
1177	-2.08
1178	-2.222222
1179	-2.222222
1180	-2.166667
1181	-2.133333
1182	-2.193548
1183	-2.366667
1184	-2.147059
1185	-2.212121
1186	-2.684211
1187	-2.722222
1188	-2.880952
1189	-2.684211
1190	-2.615385
1191	-2.428571
1192	-2.631579
1193	-2.515152
1194	-2.185185
1195	-1.92
1196	-1.807692
1197	-1.961538
1198	-1.857143
1199	-1.846154
1200	-2.166667
1201	-2.558824
1202	-2.515152
1203	-2.777778
1204	-2.583333
1205	-2.8
1206	-2.725
1207	-2.611111
1208	-2.567568
1209	-2.785714
1210	-2.736842
1211	-2.780488
1212	-3.086957
1213	-3.097561
1214	-3.4375
1215	-3.023256
1216	-2.777778
1217	-2.722222
1218	-2.551724
1219	-2.571429
1220	-2.75
1221	-2.891892
1222	-3.083333
1223	-2.72973
1224	-3.0
1225	-2.771429
1226	-2.625
1227	-2.6
1228	-2.771429
1229	-2.837838
1230	-2.911765
1231	-2.857143
1232	-2.875
1233	-2.852941
1234	-2.972973
1235	-2.8
1236	-3.153846
1237	-3.3
1238	-3.285714
1239	-2.894737
1240	-3.363636
1241	-3.238095
1242	-2.6
1243	-2.5625
1244	-2.647059
1245	-2.484848
1246	-2.486486
1247	-2.25
1248	-2.4375
1249	-2.5625
1250	-2.5
1251	-2.466667
1252	-2.464286
1253	-2.413793
1254	-2.764706
1255	-2.451613
1256	-2.233333
1257	-2.466667
1258	-2.59375
1259	-2.46875
1260	-2.825
1261	-2.954545
1262	-2.694444
1263	-2.742857
1264	-2.8
1265	-2.594595
1266	-2.777778
1267	-2.868421
1268	-2.9
1269	-3.0
1270	-3.190476
1271	-3.189189
1272	-2.945946
1273	-2.805556
1274	-2.973684
1275	-2.685714
1276	-2.5
1277	-2.392857
1278	-2.448276
1279	-2.642857
1280	-2.46875
1281	-2.763158
1282	-2.928571
1283	-3.022727
1284	-2.441176
1285	-2.485714
1286	-2.46875
1287	-2.621622
1288	-2.542857
1289	-2.230769
1290	-2.37931
1291	-2.148148
1292	-2.0
1293	-2.321429
1294	-2.517241
1295	-2.694444
1296	-2.241379
1297	-2.071429
1298	-2.235294
1299	-2.4
1300	-2.606061
1301	-2.764706
1302	-2.441176
1303	-2.5
1304	-2.413793
1305	-2.575758
1306	-2.764706
1307	-2.971429
1308	-2.882353
1309	-2.882353
1310	-3.153846
1311	-3.119048
1312	-3.214286
1313	-3.097561
1314	-2.974359
1315	-2.735294
1316	-2.647059
1317	-2.648649
1318	-2.675
1319	-2.75
1320	-2.684211
1321	-2.53125
1322	-2.5625
1323	-2.902439
1324	-3.0
1325	-3.0
1326	-2.717949
1327	-2.947368
1328	-2.894737
1329	-2.925
1330	-2.926829
1331	-3.026316
1332	-3.052632
1333	-2.852941
1334	-2.5
1335	-2.657143
1336	-2.25
1337	-2.441176
1338	-2.454545
1339	-2.457143
1340	-2.578947
1341	-2.763158
1342	-2.763158
1343	-3.02439
1344	-2.952381
1345	-3.047619
1346	-2.871795
1347	-3.190476
1348	-3.170213
1349	-2.902439
1350	-3.0
1351	-2.947368
1352	-2.771429
1353	-2.727273
1354	-2.945946
1355	-3.071429
1356	-3.268293
1357	-2.916667
1358	-2.794118
1359	-2.939394
1360	-2.59375
1361	-2.65625
1362	-2.837838
1363	-2.944444
1364	-3.318182
1365	-3.272727
1366	-3.076923
1367	-2.764706
1368	-2.805556
1369	-2.722222
1370	-2.684211
1371	-2.756757
1372	-3.0
1373	-2.875
1374	-2.974359
1375	-2.953488
1376	-3.069767
1377	-2.810811
1378	-2.815789
1379	-2.354839
1380	-2.583333
1381	-2.731707
1382	-2.804878
1383	-2.948718
1384	-3.0
1385	-2.947368
1386	-2.974359
1387	-2.939394
1388	-2.971429
1389	-2.774194
1390	-2.69697
1391	-2.810811
1392	-3.133333
1393	-3.4375
1394	-3.5
1395	-3.170732
1396	-2.702703
1397	-2.366667
1398	-2.04
1399	-2.291667
1400	-2.32
1401	-2.038462
1402	-2.419355
1403	-1.583333
1404	-1.75
1405	-1.368421
1406	-2.037037
1407	-2.064516
1408	-1.827586
1409	-1.636364
1410	-2.222222
1411	-2.24
1412	-2.25
1413	-2.291667
1414	-2.230769
1415	-2.542857
1416	-2.481481
1417	-2.3
1418	-2.555556
1419	-2.457143
1420	-2.75
1421	-2.675
1422	-2.97619
1423	-2.72973
1424	-2.756757
1425	-2.702703
1426	-2.470588
1427	-2.74359
1428	-2.769231
1429	-2.181818
1430	-2.641026
1431	-2.472222
1432	-2.411765
1433	-2.34375
1434	-2.533333
1435	-2.97561
1436	-2.742857
1437	-2.6875
1438	-2.482759
1439	-2.636364
1440	-2.533333
1441	-2.483871
1442	-2.575758
1443	-2.621622
1444	-2.483871
1445	-2.631579
1446	-2.6
1447	-1.92
1448	-2.206897
1449	-2.514286
1450	-2.552632
1451	-2.625
1452	-2.552632
1453	-2.433333
1454	-2.5
1455	-2.272727
1456	-2.5
1457	-2.233333
1458	-2.285714
1459	-2.464286
1460	-2.483871
1461	-2.484848
1462	-2.65
1463	-2.692308
1464	-2.484848
1465	-2.685714
1466	-2.666667
1467	-2.7
1468	-2.705882
1469	-2.742857
1470	-2.285714
1471	-2.454545
1472	-2.513514
1473	-2.5
1474	-2.5
1475	-2.2
1476	-2.30303
1477	-1.833333
1478	-1.72
1479	-2.111111
1480	-2.193548
1481	-2.266667
1482	-2.225806
1483	-2.542857
1484	-2.5
1485	-2.486486
1486	-2.487179
1487	-2.642857
1488	-2.658537
1489	-2.361111
1490	-2.435897
1491	-2.641026
1492	-2.820513
1493	-2.675676
1494	-2.527778
1495	-2.454545
1496	-2.242424
1497	-2.388889
1498	-2.457143
1499	-2.0
1500	-2.310345
1501	-2.0
1502	-2.333333
1503	-2.432432
1504	-2.4
1505	-2.371429
1506	-1.888889
1507	-2.352941
1508	-2.567568
1509	-2.744186
1510	-2.470588
1511	-2.241379
1512	-2.571429
1513	-2.542857
1514	-2.441176
1515	-2.529412
1516	-2.628571
1517	-2.40625
1518	-1.96
1519	-2.074074
1520	-1.892857
1521	-1.923077
1522	-2.641026
1523	-2.555556
1524	-2.583333
1525	-2.529412
1526	-2.259259
1527	-2.413793
1528	-2.413793
1529	-2.871795
1530	-2.566667
1531	-2.794118
1532	-2.914286
1533	-2.914286
1534	-2.433333
1535	-2.5625
1536	-2.685714
1537	-2.384615
1538	-2.148148
1539	-2.464286
1540	-2.6875
1541	-2.575758
1542	-2.566667
1543	-2.65625
1544	-2.666667
1545	-2.484848
1546	-2.53125
1547	-2.34375
1548	-2.074074
1549	-1.958333
1550	-1.892857
1551	-1.619048
1552	-1.681818
1553	-1.695652
1554	-1.96
1555	-2.241379
1556	-2.567568
1557	-2.566667
1558	-2.484848
1559	-2.266667
1560	-2.333333
1561	-2.444444
1562	-2.648649
1563	-2.513514
1564	-2.594595
1565	-2.366667
1566	-2.74359
1567	-2.648649
1568	-2.628571
1569	-2.694444
1570	-2.684211
1571	-2.815789
1572	-2.470588
1573	-2.342857
1574	-2.272727
1575	-2.15625
1576	-2.15625
1577	-2.107143
1578	-2.214286
1579	-2.142857
1580	-2.08
1581	-2.083333
1582	-1.916667
1583	-2.173913
1584	-2.148148
1585	-2.166667
1586	-2.178571
1587	-1.863636
1588	-1.964286
1589	-2.3
1590	-2.342857
1591	-2.583333
1592	-2.628571
1593	-2.648649
1594	-2.684211
1595	-2.472222
1596	-2.225806
1597	-2.514286
1598	-2.428571
1599	-2.631579
1600	-2.411765
1601	-2.129032
1602	-2.461538
1603	-2.5
1604	-2.820513
1605	-3.106383
1606	-2.837838
1607	-2.575758
1608	-2.433333
1609	-2.621622
1610	-2.694444
1611	-2.575758
1612	-2.705882
1613	-2.5
1614	-2.464286
1615	-2.6875
1616	-2.888889
1617	-3.0
1618	-2.714286
1619	-2.485714
1620	-2.241379
1621	-2.428571
1622	-2.314286
1623	-2.677419
1624	-2.6
1625	-2.272727
1626	-2.535714
1627	-2.375
1628	-2.36
1629	-2.482759
1630	-2.676471
1631	-2.722222
1632	-2.3125
1633	-2.470588
1634	-2.352941
1635	-2.076923
1636	-2.230769
1637	-2.166667
1638	-2.428571
1639	-2.611111
1640	-2.742857
1641	-2.515152
1642	-2.333333
1643	-2.352941
1644	-2.589744
1645	-2.441176
1646	-2.612903
1647	-2.724138
1648	-2.37931
1649	-2.32
1650	-2.44
1651	-2.571429
1652	-3.1
1653	-3.064516
1654	-2.96875
1655	-2.861111
1656	-2.852941
1657	-2.741935
1658	-2.548387
1659	-2.710526
1660	-2.594595
1661	-2.258065
1662	-2.25
1663	-2.424242
1664	-2.233333
1665	-2.310345
1666	-2.470588
1667	-2.810811
1668	-3.177778
1669	-3.261905
1670	-3.027778
1671	-2.783784
1672	-2.9
1673	-2.72973
1674	-2.825
1675	-2.72973
1676	-2.722222
1677	-2.852941
1678	-2.709677
1679	-3.027778
1680	-3.060606
1681	-2.891892
1682	-2.789474
1683	-2.794872
1684	-2.583333
1685	-2.736842
1686	-2.676471
1687	-2.888889
1688	-2.925
1689	-3.380952
1690	-3.085714
1691	-2.942857
1692	-2.8
1693	-2.75
1694	-2.6
1695	-2.428571
1696	-2.290323
1697	-2.269231
1698	-2.275862
1699	-2.40625
1700	-2.5
1701	-2.666667
1702	-2.921053
1703	-2.815789
1704	-2.731707
1705	-2.571429
1706	-2.411765
1707	-2.583333
1708	-2.2
1709	-2.333333
1710	-2.083333
1711	-2.0
1712	-2.5
1713	-2.870968
1714	-3.0
1715	-2.6875
1716	-2.518519
1717	-2.424242
1718	-2.457143
1719	-2.842105
1720	-2.928571
1721	-3.111111
1722	-2.930233
1723	-2.904762
1724	-2.880952
1725	-2.594595
1726	-2.540541
1727	-2.133333
1728	-2.266667
1729	-2.285714
1730	-2.185185
1731	-2.103448
1732	-2.448276
1733	-2.3
1734	-2.035714
1735	-2.484848
1736	-2.483871
1737	-3.02439
1738	-2.948718
1739	-2.897436
1740	-2.387097
1741	-2.321429
1742	-2.769231
1743	-3.022727
1744	-2.555556
1745	-2.710526
1746	-2.657143
1747	-2.515152
1748	-2.617647
1749	-2.925
1750	-2.529412
1751	-2.548387
1752	-2.5
1753	-2.735294
1754	-2.783784
1755	-3.0
1756	-2.75
1757	-2.648649
1758	-2.710526
1759	-2.32
1760	-2.515152
1761	-2.529412
1762	-2.542857
1763	-2.6
1764	-2.193548
1765	-2.441176
1766	-2.558824
1767	-2.575758
1768	-2.433333
1769	-2.115385
1770	-2.6
1771	-2.948718
1772	-2.918919
1773	-2.828571
1774	-2.694444
1775	-2.727273
1776	-3.026316
1777	-3.073171
1778	-3.054054
1779	-2.483871
1780	-2.6
1781	-2.484848
1782	-2.972973
1783	-2.588235
1784	-2.558824
1785	-2.625
1786	-2.357143
1787	-1.956522
1788	-2.166667
1789	-2.322581
1790	-2.035714
1791	-2.205882
1792	-2.090909
1793	-1.846154
1794	-2.257143
1795	-2.172414
1796	-2.586207
1797	-2.828571
1798	-2.857143
1799	-2.393939
1800	-2.441176
1801	-2.775
1802	-3.139535
1803	-2.676471
1804	-3.090909
1805	-3.090909
1806	-3.181818
1807	-3.076923
1808	-3.057143
1809	-2.806452
1810	-2.787879
1811	-2.945946
1812	-2.676471
1813	-2.878049
1814	-2.648649
1815	-2.514286
1816	-2.486486
1817	-2.46875
1818	-2.575758
1819	-2.214286
1820	-2.107143
1821	-2.424242
1822	-2.214286
1823	-1.928571
1824	-2.2
1825	-2.411765
1826	-2.285714
1827	-2.235294
1828	-2.071429
1829	-2.066667
1830	-2.611111
1831	-2.225806
1832	-2.233333
1833	-2.212121
1834	-2.0
1835	-2.103448
1836	-2.193548
1837	-2.352941
1838	-2.413793
1839	-2.333333
1840	-2.041667
1841	-2.1875
1842	-2.682927
1843	-2.444444
1844	-2.641026
1845	-2.473684
1846	-2.707317
1847	-2.512821
1848	-2.394737
1849	-2.382353
1850	-2.12
1851	-2.148148
1852	-1.653846
1853	-1.333333
1854	-1.666667
1855	-1.966667
1856	-2.181818
1857	-2.125
1858	-2.486486
1859	-2.444444
1860	-2.382353
1861	-2.5
1862	-2.611111
1863	-2.272727
1864	-2.444444
1865	-2.85
1866	-2.945946
1867	-2.725
1868	-2.611111
1869	-2.923077
1870	-3.02439
1871	-3.261905
1872	-3.409091
1873	-3.363636
1874	-3.372093
1875	-3.295455
1876	-3.047619
1877	-2.9
1878	-3.066667
1879	-3.469388
1880	-3.222222
1881	-2.829268
1882	-2.735294
1883	-2.736842
1884	-2.393939
1885	-2.657143
1886	-2.424242
1887	-2.205882
1888	-2.322581
1889	-2.342857
1890	-2.542857
1891	-2.333333
1892	-2.647059
1893	-2.823529
1894	-2.705882
1895	-2.717949
1896	-2.736842
1897	-2.65
1898	-2.833333
1899	-2.638889
1900	-2.783784
1901	-2.973684
1902	-3.170732
1903	-3.027027
1904	-2.783784
1905	-2.666667
1906	-2.5625
1907	-3.052632
1908	-3.184211
1909	-3.238095
1910	-2.783784
1911	-3.108108
1912	-2.916667
1913	-2.777778
1914	-2.692308
1915	-2.333333
1916	-2.657143
1917	-2.6
1918	-2.310345
1919	-2.69697
1920	-2.588235
1921	-2.871795
1922	-2.34375
1923	-2.066667
1924	-2.125
1925	-2.0
1926	-1.875
1927	-1.782609
1928	-1.76
1929	-2.166667
1930	-2.04
1931	-2.625
1932	-2.485714
1933	-2.068966
1934	-2.290323
1935	-1.958333
1936	-2.148148
1937	-2.4375
1938	-2.375
1939	-2.486486
1940	-2.428571
1941	-2.515152
1942	-2.34375
1943	-2.413793
1944	-2.269231
1945	-2.142857
1946	-2.285714
1947	-2.40625
1948	-2.233333
1949	-2.354839
1950	-2.4
1951	-2.294118
1952	-2.527778
1953	-2.428571
1954	-2.4375
1955	-2.466667
1956	-2.333333
1957	-2.035714
1958	-2.322581
1959	-2.192308
1960	-2.142857
1961	-2.25
1962	-2.483871
1963	-2.107143
1964	-2.178571
1965	-2.0
1966	-2.071429
1967	-2.28125
1968	-2.333333
1969	-2.096774
1970	-2.3
1971	-2.035714
1972	-2.035714
1973	-2.222222
1974	-2.066667
1975	-2.322581
1976	-2.133333
1977	-2.206897
1978	-1.814815
1979	-2.0
1980	-1.875
1981	-1.583333
1982	-1.681818
1983	-1.75
1984	-1.777778
1985	-2.25
1986	-2.514286
1987	-2.275862
1988	-2.482759
1989	-2.423077
1990	-2.575758
1991	-2.5
1992	-2.393939
1993	-2.571429
1994	-2.555556
1995	-2.558824
1996	-2.111111
1997	-2.1
1998	-2.25
1999	-2.2
2000	-2.28125
2001	-2.310345
2002	-2.148148
2003	-2.407407
2004	-2.529412
2005	-2.657895
2006	-2.8
2007	-3.136364
2008	-3.0
2009	-2.85
2010	-2.529412
2011	-2.37037
2012	-2.464286
2013	-2.37037
2014	-2.04
2015	-1.695652
2016	-1.777778
2017	-1.923077
2018	-2.424242
2019	-2.472222
2020	-2.310345
2021	-2.233333
2022	-2.086957
2023	-1.818182
2024	-1.857143
2025	-1.925926
2026	-2.035714
2027	-2.275862
2028	-2.225806
2029	-2.125
2030	-2.0
2031	-2.032258
2032	-2.275862
2033	-2.636364
2034	-2.485714
2035	-2.575758
2036	-2.8
2037	-2.771429
2038	-2.891892
2039	-2.666667
2040	-2.75
2041	-2.735294
2042	-2.4375
2043	-2.37931
2044	-2.290323
2045	-2.513514
2046	-2.366667
2047	-2.230769
2048	-2.548387
2049	-2.566667
2050	-2.307692
2051	-2.333333
2052	-2.272727
2053	-2.2
2054	-2.115385
2055	-2.296296
2056	-2.37931
2057	-2.617647
2058	-2.727273
2059	-2.617647
2060	-2.382353
2061	-2.076923
2062	-2.035714
2063	-1.962963
2064	-2.0
2065	-2.25
2066	-1.964286
2067	-2.125
2068	-2.071429
2069	-2.363636
2070	-2.628571
2071	-2.675676
2072	-2.861111
2073	-2.705882
2074	-2.69697
2075	-2.727273
2076	-2.424242
2077	-2.34375
2078	-2.354839
2079	-2.266667
2080	-2.035714
2081	-2.526316
2082	-2.825
2083	-2.564103
2084	-2.722222
2085	-2.571429
2086	-2.540541
2087	-2.823529
2088	-2.419355
2089	-1.916667
2090	-2.285714
2091	-2.25
2092	-2.65625
2093	-2.5
2094	-2.142857
2095	-2.25
2096	-1.88
2097	-2.071429
2098	-1.913043
2099	-2.111111
2100	-1.916667
2101	-1.888889
2102	-1.925926
2103	-2.086957
2104	-2.321429
2105	-2.53125
2106	-2.515152
2107	-2.393939
2108	-2.757576
2109	-2.727273
2110	-2.483871
2111	-2.392857
2112	-2.233333
2113	-2.4
2114	-2.382353
2115	-2.323529
2116	-2.564103
2117	-2.103448
2118	-2.038462
2119	-2.0
2120	-2.214286
2121	-2.533333
2122	-2.354839
2123	-2.310345
2124	-2.275862
2125	-2.142857
2126	-2.638889
2127	-2.756757
2128	-2.617647
2129	-2.5
2130	-2.3125
2131	-2.242424
2132	-2.485714
2133	-2.4375
2134	-2.076923
2135	-2.172414
2136	-2.3
2137	-2.545455
2138	-2.433333
2139	-2.588235
2140	-2.815789
2141	-2.705882
2142	-2.75
2143	-2.769231
2144	-2.810811
2145	-2.657895
2146	-2.702703
2147	-2.694444
2148	-2.387097
2149	-2.12
2150	-1.88
2151	-2.151515
2152	-2.483871
2153	-2.28125
2154	-2.3
2155	-2.709677
2156	-2.586207
2157	-2.548387
2158	-2.621622
2159	-2.454545
2160	-2.705882
2161	-2.864865
2162	-2.558824
2163	-2.621622
2164	-2.918919
2165	-2.837838
2166	-3.1
2167	-2.945946
2168	-2.868421
2169	-2.675676
2170	-2.542857
2171	-2.46875
2172	-2.666667
2173	-2.6875
2174	-2.5625
2175	-2.588235
2176	-2.645161
2177	-2.655172
2178	-2.545455
2179	-2.472222
2180	-2.974359
2181	-2.871795
2182	-2.727273
2183	-2.820513
2184	-3.0
2185	-3.025
2186	-2.783784
2187	-2.694444
2188	-2.4
2189	-2.375
2190	-2.533333
2191	-2.617647
2192	-2.4
2193	-2.428571
2194	-2.441176
2195	-2.583333
2196	-2.705882
2197	-2.72973
2198	-2.558824
2199	-2.648649
2200	-3.159091
2201	-2.825
2202	-2.853659
2203	-2.878049
2204	-2.952381
2205	-2.95
2206	-2.69697
2207	-2.606061
2208	-2.555556
2209	-2.4
2210	-2.310345
2211	-2.516129
2212	-2.53125
2213	-2.625
2214	-2.71875
2215	-2.424242
2216	-2.074074
2217	-2.540541
2218	-2.470588
2219	-2.645161
2220	-2.636364
2221	-2.533333
2222	-2.633333
2223	-2.6
2224	-2.37931
2225	-2.411765
2226	-2.444444
2227	-2.576923
2228	-2.461538
2229	-2.517241
2230	-2.75
2231	-2.757576
2232	-2.714286
2233	-2.558824
2234	-2.636364
2235	-2.666667
2236	-3.162791
2237	-3.119048
2238	-3.073171
2239	-3.02439
2240	-2.947368
2241	-2.923077
2242	-2.567568
2243	-2.529412
2244	-2.638889
2245	-2.666667
2246	-2.769231
2247	-2.647059
2248	-2.275862
2249	-2.333333
2250	-2.206897
2251	-2.484848
2252	-2.259259
2253	-2.185185
2254	-2.382353
2255	-2.25
2256	-2.433333
2257	-2.545455
2258	-2.6
2259	-2.606061
2260	-2.46875
2261	-2.466667
2262	-2.392857
2263	-2.6
2264	-2.971429
2265	-3.088235
2266	-3.0
2267	-2.864865
2268	-3.0
2269	-3.214286
2270	-3.102564
2271	-2.742857
2272	-2.5
2273	-2.433333
2274	-2.482759
2275	-2.3
2276	-2.233333
2277	-2.266667
2278	-2.241379
2279	-2.275862
2280	-2.647059
2281	-2.545455
2282	-2.606061
2283	-2.3125
2284	-2.225806
2285	-2.258065
2286	-2.413793
2287	-2.416667
2288	-2.517241
2289	-2.676471
2290	-2.868421
2291	-2.545455
2292	-2.6
2293	-2.473684
2294	-2.657895
2295	-2.5
2296	-2.971429
2297	-2.909091
2298	-2.916667
2299	-2.96875
2300	-2.911765
2301	-2.607143
2302	-2.677419
2303	-2.69697
2304	-2.945946
2305	-2.828571
2306	-2.742857
2307	-2.757576
2308	-2.777778
2309	-2.529412
2310	-2.722222
2311	-2.95
2312	-2.628571
2313	-2.361111
2314	-2.6
2315	-2.5
2316	-2.605263
2317	-2.657895
2318	-2.172414
2319	-2.322581
2320	-1.870968
2321	-2.30303
2322	-2.575
2323	-2.725
2324	-2.85
2325	-2.789474
2326	-3.025641
2327	-2.810811
2328	-2.973684
2329	-3.291667
2330	-2.702703
2331	-2.594595
2332	-2.634146
2333	-2.976744
2334	-3.04878
2335	-2.975
2336	-2.638889
2337	-2.264706
2338	-2.129032
2339	-2.137931
2340	-2.035714
2341	-2.25
2342	-2.259259
2343	-2.375
2344	-2.37931
2345	-2.266667
2346	-2.323529
2347	-2.066667
2348	-2.1875
2349	-2.5
2350	-2.451613
2351	-2.794118
2352	-2.433333
2353	-2.038462
2354	-2.580645
2355	-2.5
2356	-2.571429
2357	-2.5
2358	-3.102564
2359	-3.090909
2360	-3.025
2361	-3.052632
2362	-3.166667
2363	-2.878788
2364	-2.758621
2365	-2.551724
2366	-2.69697
2367	-2.771429
2368	-2.837838
2369	-2.625
2370	-2.575758
2371	-3.078947
2372	-2.916667
2373	-2.625
2374	-2.483871
2375	-2.517241
2376	-2.633333
2377	-2.647059
2378	-2.259259
2379	-2.192308
2380	-2.153846
2381	-2.166667
2382	-2.034483
2383	-2.1875
2384	-1.75
2385	-1.608696
2386	-1.625
2387	-1.925926
2388	-2.172414
2389	-2.514286
2390	-2.675676
2391	-2.763158
2392	-2.621622
2393	-2.717949
2394	-2.756757
2395	-2.6875
2396	-2.275862
2397	-2.103448
2398	-1.884615
2399	-2.1
2400	-2.486486
2401	-2.371429
2402	-2.514286
2403	-2.1
2404	-2.333333
2405	-2.096774
2406	-2.375
2407	-2.322581
2408	-2.033333
2409	-1.92
2410	-2.142857
2411	-2.36
2412	-2.392857
2413	-2.4
2414	-2.457143
2415	-2.702703
2416	-2.6
2417	-2.454545
2418	-2.53125
2419	-2.5
2420	-2.676471
2421	-2.448276
2422	-2.685714
2423	-2.548387
2424	-2.357143
2425	-2.428571
2426	-2.571429
2427	-2.133333
2428	-2.4
2429	-2.485714
2430	-2.366667
2431	-2.275862
2432	-2.5
2433	-2.710526
2434	-2.764706
2435	-2.266667
2436	-2.354839
2437	-2.777778
2438	-2.742857
2439	-2.333333
2440	-2.5
2441	-2.529412
2442	-2.428571
2443	-2.516129
2444	-2.222222
2445	-2.366667
2446	-2.2
2447	-2.074074
2448	-2.342857
2449	-2.5
2450	-2.4
2451	-2.5
2452	-2.625
2453	-2.973684
2454	-3.25641
2455	-3.190476
2456	-3.15
2457	-3.0
2458	-2.857143
2459	-2.914286
2460	-2.823529
2461	-2.484848
2462	-2.068966
2463	-2.433333
2464	-2.5625
2465	-2.588235
2466	-2.666667
2467	-2.571429
2468	-2.583333
2469	-2.825
2470	-2.611111
2471	-2.647059
2472	-2.722222
2473	-2.555556
2474	-2.529412
2475	-2.451613
2476	-2.545455
2477	-2.5
2478	-2.344828
2479	-2.37037
2480	-2.675676
2481	-2.742857
2482	-2.923077
2483	-2.628571
2484	-2.206897
2485	-2.148148
2486	-1.863636
2487	-1.8
2488	-1.962963
2489	-1.782609
2490	-1.875
2491	-1.791667
2492	-2.227273
2493	-2.115385
2494	-2.586207
2495	-2.794118
2496	-2.69697
2497	-2.971429
2498	-2.764706
2499	-3.054054
2500	-3.157895
2501	-3.138889
2502	-3.105263
2503	-2.891892
2504	-2.742857
2505	-2.484848
2506	-2.25
2507	-2.454545
2508	-2.485714
2509	-2.5625
2510	-2.137931
2511	-2.111111
2512	-2.241379
2513	-2.071429
2514	-2.241379
2515	-2.166667
2516	-2.0
2517	-2.068966
2518	-2.771429
2519	-2.897436
2520	-2.606061
2521	-2.666667
2522	-2.677419
2523	-2.69697
2524	-2.375
2525	-2.46875
2526	-2.485714
2527	-2.783784
2528	-2.771429
2529	-2.59375
2530	-2.484848
2531	-2.483871
2532	-2.375
2533	-2.066667
2534	-2.24
2535	-2.285714
2536	-2.454545
2537	-2.3125
2538	-2.868421
2539	-2.918919
2540	-2.885714
2541	-2.971429
2542	-3.333333
2543	-3.071429
2544	-3.04878
2545	-2.975
2546	-2.97561
2547	-2.975
2548	-2.606061
2549	-2.527778
2550	-2.451613
2551	-1.962963
2552	-2.555556
2553	-2.612903
2554	-2.225806
2555	-2.514286
2556	-2.583333
2557	-2.657143
2558	-2.321429
2559	-2.310345
2560	-2.37037
2561	-2.36
2562	-2.413793
2563	-2.148148
2564	-2.133333
2565	-2.222222
2566	-2.185185
2567	-2.16
2568	-2.433333
2569	-2.384615
2570	-2.375
2571	-2.692308
2572	-2.756757
2573	-2.974359
2574	-2.897436
2575	-2.828571
2576	-3.119048
2577	-3.186047
2578	-3.26087
2579	-2.947368
2580	-2.717949
2581	-2.558824
2582	-2.53125
2583	-2.567568
2584	-2.692308
2585	-2.631579
2586	-2.5
2587	-2.264706
2588	-2.621622
2589	-2.5
2590	-2.529412
2591	-2.514286
2592	-2.225806
2593	-2.1875
2594	-2.0
2595	-2.514286
2596	-2.636364
2597	-2.516129
2598	-2.472222
2599	-2.631579
2600	-2.883721
2601	-2.875
2602	-2.789474
2603	-2.771429
2604	-2.454545
2605	-2.206897
2606	-2.529412
2607	-2.647059
2608	-2.628571
2609	-2.74359
2610	-2.647059
2611	-2.484848
2612	-2.59375
2613	-2.794118
2614	-2.815789
2615	-3.0
2616	-3.093023
2617	-2.894737
2618	-2.72973
2619	-2.12
2620	-2.233333
2621	-2.583333
2622	-2.675676
2623	-2.451613
2624	-2.275862
2625	-2.387097
2626	-2.40625
2627	-2.0
2628	-2.515152
2629	-2.46875
2630	-2.794118
2631	-2.727273
2632	-2.37037
2633	-2.636364
2634	-2.846154
2635	-2.975
2636	-2.638889
2637	-2.638889
2638	-2.628571
2639	-2.484848
2640	-2.4
2641	-2.375
2642	-2.470588
2643	-2.558824
2644	-2.103448
2645	-2.0
2646	-2.0
2647	-2.486486
2648	-2.763158
2649	-2.771429
2650	-2.657143
2651	-2.567568
2652	-2.34375
2653	-2.323529
2654	-2.2
2655	-2.103448
2656	-2.46875
2657	-2.605263
2658	-2.860465
2659	-2.904762
2660	-3.090909
2661	-3.111111
2662	-3.155556
2663	-2.825
2664	-3.02439
2665	-2.833333
2666	-2.588235
2667	-2.272727
2668	-2.457143
2669	-2.071429
2670	-2.153846
2671	-2.0
2672	-2.137931
2673	-1.916667
2674	-2.344828
2675	-2.3
2676	-2.258065
2677	-2.08
2678	-2.28125
2679	-2.096774
2680	-2.657895
2681	-2.666667
2682	-2.516129
2683	-2.266667
2684	-2.416667
2685	-2.432432
2686	-2.641026
2687	-2.485714
2688	-1.846154
2689	-1.772727
2690	-2.0
2691	-2.363636
2692	-2.5
2693	-2.5
2694	-2.393939
2695	-2.625
2696	-2.545455
2697	-2.710526
2698	-2.416667
2699	-2.736842
2700	-2.75
2701	-2.612903
2702	-2.344828
2703	-2.391304
2704	-2.285714
2705	-2.676471
2706	-2.37931
2707	-2.707317
2708	-2.825
2709	-2.676471
2710	-2.694444
2711	-2.65625
2712	-2.709677
2713	-2.617647
2714	-2.666667
2715	-2.411765
2716	-2.4
2717	-2.416667
2718	-2.558824
2719	-2.5
2720	-2.333333
2721	-2.384615
2722	-2.37931
2723	-2.40625
2724	-2.130435
2725	-1.740741
2726	-2.103448
2727	-2.166667
2728	-2.4
2729	-2.558824
2730	-2.428571
2731	-2.034483
2732	-2.035714
2733	-2.172414
2734	-2.258065
2735	-2.148148
2736	-2.233333
2737	-2.04
2738	-2.103448
2739	-2.272727
2740	-2.225806
2741	-2.621622
2742	-2.621622
2743	-2.285714
2744	-2.482759
2745	-2.275862
2746	-2.033333
2747	-2.352941
2748	-2.513514
2749	-2.555556
2750	-2.46875
2751	-2.266667
2752	-2.393939
2753	-2.878788
2754	-2.645161
2755	-2.515152
2756	-2.5
2757	-2.333333
2758	-2.464286
2759	-2.551724
2760	-2.37931
2761	-2.333333
2762	-2.25
2763	-2.242424
2764	-2.444444
2765	-2.357143
2766	-2.30303
2767	-2.714286
2768	-2.230769
2769	-1.88
2770	-1.869565
2771	-1.888889
2772	-1.96
2773	-2.074074
2774	-2.0
2775	-1.769231
2776	-2.066667
2777	-2.485714
2778	-2.393939
2779	-2.457143
2780	-2.611111
2781	-2.1875
2782	-2.09375
2783	-2.09375
2784	-2.285714
2785	-2.178571
2786	-2.21875
2787	-2.142857
2788	-2.074074
2789	-2.333333
2790	-2.424242
2791	-2.424242
2792	-2.242424
2793	-2.310345
2794	-2.172414
2795	-2.275862
2796	-2.2
2797	-2.25
2798	-1.608696
2799	-1.863636
2800	-1.833333
2801	-1.913043
2802	-2.419355
2803	-2.514286
2804	-2.571429
2805	-2.5
2806	-2.4
2807	-2.4
2808	-2.617647
2809	-2.485714
2810	-2.717949
2811	-2.789474
2812	-2.575758
2813	-2.310345
2814	-2.125
2815	-2.241379
2816	-2.24
2817	-2.3
2818	-2.645161
2819	-2.72973
2820	-2.868421
2821	-2.606061
2822	-2.483871
2823	-2.333333
2824	-2.382353
2825	-2.483871
2826	-2.451613
2827	-2.588235
2828	-2.925
2829	-2.875
2830	-2.975
2831	-2.657143
2832	-2.735294
2833	-2.710526
2834	-2.628571
2835	-2.783784
2836	-2.864865
2837	-2.846154
2838	-2.717949
2839	-3.068182
2840	-2.820513
2841	-3.142857
2842	-2.72973
2843	-2.333333
2844	-2.5
2845	-2.611111
2846	-2.722222
2847	-2.894737
2848	-2.484848
2849	-2.4375
2850	-2.310345
2851	-2.69697
2852	-2.451613
2853	-2.384615
2854	-2.304348
2855	-2.647059
2856	-2.419355
2857	-2.193548
2858	-1.818182
2859	-1.954545
2860	-2.083333
2861	-2.333333
2862	-2.173913
2863	-2.166667
2864	-2.296296
2865	-2.2
2866	-2.366667
2867	-2.269231
2868	-2.71875
2869	-2.428571
2870	-2.551724
2871	-2.71875
2872	-2.290323
2873	-2.736842
2874	-2.736842
2875	-2.722222
2876	-2.97561
2877	-2.666667
2878	-2.631579
2879	-2.3125
2880	-2.192308
2881	-2.08
2882	-2.37037
2883	-2.296296
2884	-2.25
2885	-2.103448
2886	-1.962963
2887	-2.483871
2888	-2.482759
2889	-2.540541
2890	-2.555556
2891	-2.444444
2892	-2.441176
2893	-2.485714
2894	-2.103448
2895	-2.096774
2896	-2.30303
2897	-2.322581
2898	-2.5
2899	-2.526316
2900	-2.393939
2901	-2.588235
2902	-2.647059
2903	-2.611111
2904	-2.485714
2905	-2.648649
2906	-2.657895
2907	-2.638889
2908	-2.722222
2909	-2.580645
2910	-2.575758
2911	-2.6
2912	-2.75
2913	-2.625
2914	-2.486486
2915	-2.736842
2916	-2.736842
2917	-2.354839
2918	-2.4
2919	-2.444444
2920	-2.514286
2921	-2.542857
2922	-2.483871
2923	-2.482759
2924	-2.4375
2925	-2.783784
2926	-2.771429
2927	-2.59375
2928	-2.3125
2929	-2.621622
2930	-2.647059
2931	-2.870968
2932	-2.676471
2933	-2.848485
2934	-2.944444
2935	-3.125
2936	-3.052632
2937	-3.05
2938	-3.102564
2939	-2.823529
2940	-2.558824
2941	-2.393939
2942	-2.451613
2943	-2.84375
2944	-2.633333
2945	-2.533333
2946	-3.027778
2947	-2.823529
2948	-2.764706
2949	-2.676471
2950	-2.857143
2951	-2.857143
2952	-2.72973
2953	-2.694444
2954	-2.589744
2955	-2.538462
2956	-2.954545
2957	-2.860465
2958	-2.731707
2959	-2.657895
2960	-2.736842
2961	-2.344828
2962	-2.628571
2963	-2.72973
2964	-2.583333
2965	-2.472222
2966	-2.181818
2967	-2.272727
2968	-2.513514
2969	-2.527778
2970	-2.428571
2971	-2.628571
2972	-2.333333
2973	-2.636364
2974	-2.4375
2975	-2.571429
2976	-2.756757
2977	-2.628571
2978	-2.756757
2979	-2.617647
2980	-2.529412
2981	-2.925
2982	-2.75
2983	-2.72973
2984	-2.470588
2985	-2.314286
2986	-2.382353
2987	-2.34375
2988	-2.53125
2989	-2.354839
2990	-2.413793
2991	-2.5
2992	-2.5
2993	-2.310345
2994	-2.407407
2995	-2.178571
2996	-2.071429
2997	-2.333333
2998	-2.705882
2999	-2.72973
3000	-2.5
3001	-2.193548
3002	-2.0
3003	-2.233333
3004	-2.5
3005	-2.5625
3006	-2.548387
3007	-2.4375
3008	-2.617647
3009	-2.777778
3010	-2.911765
3011	-3.075
3012	-2.871795
3013	-3.219512
3014	-3.297297
3015	-3.390244
3016	-3.307692
3017	-2.971429
3018	-2.944444
3019	-2.972973
3020	-2.916667
3021	-2.925
3022	-3.069767
3023	-2.783784
3024	-2.764706
3025	-3.076923
3026	-2.727273
3027	-2.757576
3028	-2.5625
3029	-2.837838
3030	-3.0
3031	-2.714286
3032	-2.354839
3033	-2.638889
3034	-2.842105
3035	-2.857143
3036	-2.71875
3037	-3.0
3038	-3.051282
3039	-2.971429
3040	-3.027778
3041	-2.848485
3042	-2.666667
3043	-2.885714
3044	-2.842105
3045	-2.636364
3046	-2.575758
3047	-2.542857
3048	-2.457143
3049	-2.1875
3050	-2.375
3051	-2.235294
3052	-2.21875
3053	-2.151515
3054	-2.378378
3055	-2.272727
3056	-2.527778
3057	-2.756757
3058	-2.615385
3059	-2.59375
3060	-2.575758
3061	-2.529412
3062	-2.638889
3063	-2.692308
3064	-2.794118
3065	-2.925
3066	-2.710526
3067	-2.428571
3068	-2.675676
3069	-2.457143
3070	-2.444444
3071	-2.416667
3072	-2.28125
3073	-2.551724
3074	-2.291667
3075	-2.36
3076	-2.5
3077	-2.464286
3078	-2.387097
3079	-2.393939
3080	-2.424242
3081	-2.675676
3082	-2.617647
3083	-2.694444
3084	-2.861111
3085	-2.7
3086	-2.647059
3087	-2.594595
3088	-2.6
3089	-2.564103
3090	-1.884615
3091	-2.041667
3092	-2.041667
3093	-2.076923
3094	-2.068966
3095	-2.035714
3096	-2.53125
3097	-2.6
3098	-2.763158
3099	-2.5625
3100	-2.363636
3101	-2.133333
3102	-2.0
3103	-2.185185
3104	-2.272727
3105	-2.366667
3106	-2.46875
3107	-2.756757
3108	-2.514286
3109	-2.685714
3110	-2.636364
3111	-2.533333
3112	-2.310345
3113	-2.483871
3114	-2.46875
3115	-2.366667
3116	-2.333333
3117	-2.470588
3118	-2.588235
3119	-2.625
3120	-2.5625
3121	-2.513514
3122	-2.809524
3123	-2.692308
3124	-2.72973
3125	-2.354839
3126	-2.375
3127	-2.555556
3128	-2.30303
3129	-2.484848
3130	-2.037037
3131	-2.454545
3132	-2.631579
3133	-2.3125
3134	-2.538462
3135	-2.5
3136	-2.454545
3137	-2.37931
3138	-2.34375
3139	-2.233333
3140	-2.185185
3141	-2.230769
3142	-2.192308
3143	-2.5
3144	-2.46875
3145	-2.37931
3146	-2.344828
3147	-2.638889
3148	-2.111111
3149	-1.772727
3150	-2.068966
3151	-1.851852
3152	-1.965517
3153	-2.064516
3154	-2.096774
3155	-2.717949
3156	-2.875
3157	-2.470588
3158	-2.515152
3159	-2.638889
3160	-2.648649
3161	-2.454545
3162	-2.65
3163	-3.052632
3164	-3.125
3165	-2.823529
3166	-2.742857
3167	-2.647059
3168	-2.897436
3169	-2.945946
3170	-3.078947
3171	-3.181818
3172	-3.073171
3173	-2.897436
3174	-2.810811
3175	-2.742857
3176	-2.516129
3177	-2.684211
3178	-2.710526
3179	-2.975
3180	-3.04878
3181	-2.857143
3182	-2.25
3183	-2.407407
3184	-2.153846
3185	-1.956522
3186	-2.074074
3187	-2.208333
3188	-2.04
3189	-2.40625
3190	-2.225806
3191	-2.212121
3192	-2.666667
3193	-2.441176
3194	-2.5
3195	-2.631579
3196	-2.393939
3197	-2.137931
3198	-2.066667
3199	-2.1875
3200	-2.3125
3201	-2.428571
3202	-2.564103
3203	-2.735294
3204	-2.828571
3205	-2.457143
3206	-2.694444
3207	-2.515152
3208	-3.1
3209	-2.575758
3210	-2.636364
3211	-2.857143
3212	-2.7
3213	-2.413793
3214	-2.068966
3215	-2.04
3216	-1.952381
3217	-2.214286
3218	-2.130435
3219	-2.12
3220	-2.04
3221	-2.0
3222	-2.371429
3223	-2.483871
3224	-2.344828
3225	-2.393939
3226	-2.363636
3227	-1.88
3228	-2.342857
3229	-2.558824
3230	-2.861111
3231	-2.916667
3232	-2.366667
3233	-2.333333
3234	-2.611111
3235	-2.575758
3236	-2.714286
3237	-2.638889
3238	-2.206897
3239	-2.142857
3240	-2.285714
3241	-2.214286
3242	-2.129032
3243	-2.269231
3244	-2.185185
3245	-2.111111
3246	-2.08
3247	-2.258065
3248	-2.388889
3249	-2.366667
3250	-2.375
3251	-2.111111
3252	-2.354839
3253	-1.75
3254	-2.1
3255	-2.033333
3256	-2.514286
3257	-2.631579
3258	-2.631579
3259	-2.955556
3260	-2.813953
3261	-2.486486
3262	-2.225806
3263	-1.88
3264	-2.172414
3265	-2.0
3266	-2.037037
3267	-2.272727
3268	-2.4
3269	-2.32
3270	-2.290323
3271	-2.363636
3272	-2.5625
3273	-2.514286
3274	-2.641026
3275	-2.8
3276	-2.794118
3277	-2.923077
3278	-2.878049
3279	-2.717949
3280	-2.37931
3281	-2.34375
3282	-2.111111
3283	-2.115385
3284	-2.346154
3285	-2.423077
3286	-2.612903
3287	-2.756757
3288	-2.894737
3289	-2.9
3290	-2.684211
3291	-2.777778
3292	-2.621622
3293	-2.636364
3294	-2.555556
3295	-2.388889
3296	-2.322581
3297	-2.129032
3298	-2.290323
3299	-2.314286
3300	-2.5
3301	-2.6
3302	-2.842105
3303	-2.6
3304	-2.4375
3305	-2.275862
3306	-2.5
3307	-2.853659
3308	-2.769231
3309	-3.130435
3310	-3.152174
3311	-3.023256
3312	-2.763158
3313	-2.606061
3314	-2.805556
3315	-2.973684
3316	-2.925
3317	-2.805556
3318	-3.0
3319	-2.8
3320	-2.542857
3321	-2.631579
3322	-2.310345
3323	-2.444444
3324	-2.285714
3325	-2.193548
3326	-2.540541
3327	-2.638889
3328	-2.53125
3329	-2.756757
3330	-2.8
3331	-2.897436
3332	-3.025
3333	-2.657143
3334	-2.944444
3335	-2.757576
3336	-2.633333
3337	-2.387097
3338	-2.441176
3339	-2.5
3340	-2.685714
3341	-2.702703
3342	-2.6
3343	-2.612903
3344	-2.735294
3345	-2.897436
3346	-3.2
3347	-3.275
3348	-3.025641
3349	-3.04878
3350	-3.069767
3351	-3.116279
3352	-3.25
3353	-3.047619
3354	-3.026316
3355	-2.764706
3356	-2.756757
3357	-2.692308
3358	-2.2
3359	-2.321429
3360	-2.411765
3361	-2.333333
3362	-2.433333
3363	-2.419355
3364	-2.529412
3365	-2.354839
3366	-2.542857
3367	-2.675676
3368	-2.707317
3369	-2.3125
3370	-2.444444
3371	-2.290323
3372	-2.514286
3373	-2.411765
3374	-2.419355
3375	-2.424242
3376	-2.575758
3377	-2.393939
3378	-2.666667
3379	-3.093023
3380	-3.222222
3381	-3.355556
3382	-3.073171
3383	-3.052632
3384	-3.025
3385	-2.868421
3386	-2.923077
3387	-2.575758
3388	-2.375
3389	-2.657143
3390	-2.314286
3391	-2.25
3392	-2.322581
3393	-2.366667
3394	-2.4
3395	-2.34375
3396	-2.555556
3397	-2.371429
3398	-2.264706
3399	-2.342857
3400	-2.322581
3401	-1.923077
3402	-2.035714
3403	-2.0
3404	-2.259259
3405	-2.142857
3406	-2.566667
3407	-2.354839
3408	-2.172414
3409	-2.285714
3410	-2.448276
3411	-2.307692
3412	-2.258065
3413	-2.441176
3414	-2.657895
3415	-2.575758
3416	-2.482759
3417	-2.321429
3418	-2.551724
3419	-2.62069
3420	-2.483871
3421	-2.142857
3422	-2.038462
3423	-2.074074
3424	-2.259259
3425	-2.290323
3426	-2.40625
3427	-2.172414
3428	-2.107143
3429	-2.583333
3430	-2.457143
3431	-2.837838
3432	-2.382353
3433	-2.621622
3434	-2.735294
3435	-2.5
3436	-2.59375
3437	-2.567568
3438	-2.37931
3439	-2.387097
3440	-2.4
3441	-2.516129
3442	-2.95122
3443	-2.97561
3444	-2.5625
3445	-2.466667
3446	-2.285714
3447	-2.241379
3448	-2.387097
3449	-2.333333
3450	-1.884615
3451	-1.88
3452	-1.8
3453	-2.041667
3454	-2.037037
3455	-2.387097
3456	-2.344828
3457	-2.633333
3458	-2.392857
3459	-2.321429
3460	-2.710526
3461	-2.675676
3462	-2.515152
3463	-2.617647
3464	-2.75
3465	-2.916667
3466	-2.657143
3467	-2.482759
3468	-2.592593
3469	-2.647059
3470	-2.617647
3471	-2.296296
3472	-2.923077
3473	-2.717949
3474	-2.85
3475	-3.04878
3476	-3.065217
3477	-3.0
3478	-3.022727
3479	-3.108696
3480	-3.34
3481	-2.97561
3482	-3.071429
3483	-3.027027
3484	-3.1
3485	-3.209302
3486	-3.276596
3487	-2.857143
3488	-3.2
3489	-2.930233
3490	-2.925
3491	-3.047619
3492	-2.897436
3493	-3.069767
3494	-2.72973
3495	-2.95
3496	-3.097561
3497	-2.641026
3498	-2.583333
3499	-2.322581
3500	-2.225806
3501	-2.375
3502	-2.357143
3503	-2.172414
3504	-2.366667
3505	-2.466667
3506	-2.606061
3507	-2.794872
3508	-2.657143
3509	-2.448276
3510	-2.612903
3511	-2.566667
3512	-2.806452
3513	-2.535714
3514	-2.586207
3515	-2.625
3516	-2.571429
3517	-2.540541
3518	-2.615385
3519	-2.725
3520	-2.5
3521	-2.235294
3522	-2.485714
3523	-2.65
3524	-2.657895
3525	-2.842105
3526	-3.05
3527	-3.02381
3528	-2.923077
3529	-2.648649
3530	-2.514286
3531	-2.212121
3532	-2.241379
3533	-2.3125
3534	-2.285714
3535	-2.214286
3536	-2.657143
3537	-2.611111
3538	-2.657143
3539	-2.789474
3540	-2.648649
3541	-2.323529
3542	-2.685714
3543	-2.5
3544	-2.517241
3545	-2.714286
3546	-2.769231
3547	-3.0
3548	-2.902439
3549	-2.710526
3550	-2.388889
3551	-2.46875
3552	-2.307692
3553	-2.419355
3554	-2.357143
3555	-2.111111
3556	-2.214286
3557	-2.21875
3558	-2.780488
3559	-2.74359
3560	-2.804878
3561	-3.136364
3562	-3.195652
3563	-2.74359
3564	-2.736842
3565	-2.657143
3566	-2.53125
3567	-2.25
3568	-2.4
3569	-1.916667
3570	-2.083333
3571	-2.08
3572	-2.25
3573	-2.578947
3574	-2.542857
3575	-2.4
3576	-2.5
3577	-2.366667
3578	-2.611111
3579	-2.542857
3580	-2.514286
3581	-2.433333
3582	-2.62069
3583	-2.451613
3584	-2.5
3585	-2.3125
3586	-2.363636
3587	-2.173913
3588	-2.130435
3589	-2.322581
3590	-2.321429
3591	-2.111111
3592	-2.40625
3593	-2.4
3594	-2.617647
3595	-2.454545
3596	-2.631579
3597	-2.868421
3598	-2.657143
3599	-2.972222
3600	-2.787879
3601	-2.939394
3602	-2.861111
3603	-2.714286
3604	-2.035714
3605	-1.862069
3606	-2.0
3607	-2.0
3608	-2.04
3609	-2.107143
3610	-2.3
3611	-2.441176
3612	-2.454545
3613	-2.666667
3614	-2.485714
3615	-2.459459
3616	-2.953488
3617	-3.255319
3618	-3.166667
3619	-2.85
3620	-3.069767
3621	-3.069767
3622	-2.842105
3623	-2.631579
3624	-2.666667
3625	-2.290323
3626	-2.133333
3627	-2.451613
3628	-2.533333
3629	-2.611111
3630	-2.472222
3631	-2.529412
3632	-2.583333
3633	-2.5
3634	-2.588235
3635	-2.4
3636	-2.641026
3637	-2.6
3638	-2.636364
3639	-2.433333
3640	-2.756757
3641	-3.0
3642	-2.735294
3643	-2.75
3644	-2.95
3645	-2.916667
3646	-2.756757
3647	-2.926829
3648	-2.625
3649	-2.513514
3650	-2.666667
3651	-2.75
3652	-3.069767
3653	-2.783784
3654	-2.828571
3655	-2.448276
3656	-2.16
3657	-2.266667
3658	-2.40625
3659	-2.606061
3660	-2.837838
3661	-2.657143
3662	-2.323529
3663	-2.527778
3664	-2.705882
3665	-2.357143
3666	-2.575758
3667	-2.705882
3668	-2.666667
3669	-2.483871
3670	-2.5
3671	-2.59375
3672	-2.818182
3673	-2.823529
3674	-2.705882
3675	-2.810811
3676	-2.484848
3677	-2.694444
3678	-2.685714
3679	-2.930233
3680	-2.95
3681	-2.515152
3682	-2.756757
3683	-2.628571
3684	-2.621622
3685	-2.97619
3686	-3.116279
3687	-3.23913
3688	-3.0
3689	-3.0
3690	-3.209302
3691	-3.25
3692	-3.116279
3693	-2.97561
3694	-2.815789
3695	-2.775
3696	-2.972973
3697	-2.942857
3698	-2.612903
3699	-2.685714
3700	-2.588235
3701	-2.333333
3702	-2.4
3703	-2.258065
3704	-2.212121
3705	-2.641026
3706	-2.717949
3707	-2.95122
3708	-3.369565
3709	-3.367347
3710	-3.02381
3711	-2.763158
3712	-2.771429
3713	-2.567568
3714	-3.044444
3715	-2.74359
3716	-2.529412
3717	-2.842105
3718	-2.322581
3719	-2.470588
3720	-2.571429
3721	-2.657143
3722	-2.46875
3723	-2.375
3724	-2.294118
3725	-2.354839
3726	-2.428571
3727	-2.657895
3728	-2.545455
3729	-2.28125
3730	-2.352941
3731	-2.34375
3732	-2.621622
3733	-2.647059
3734	-2.529412
3735	-2.921053
3736	-2.864865
3737	-2.606061
3738	-2.34375
3739	-2.5
3740	-2.555556
3741	-2.387097
3742	-2.424242
3743	-2.846154
3744	-2.580645
3745	-2.777778
3746	-2.926829
3747	-2.75
3748	-2.875
3749	-3.068182
3750	-3.045455
3751	-2.594595
3752	-2.464286
3753	-2.363636
3754	-2.611111
3755	-2.555556
3756	-2.775
3757	-3.073171
3758	-2.764706
3759	-2.59375
3760	-2.810811
3761	-3.025641
3762	-2.897436
3763	-2.875
3764	-2.526316
3765	-2.794872
3766	-2.717949
3767	-2.809524
3768	-2.65
3769	-2.578947
3770	-2.5
3771	-2.258065
3772	-2.4
3773	-2.375
3774	-2.454545
3775	-2.388889
3776	-2.837838
3777	-2.878049
3778	-3.04878
3779	-2.789474
3780	-2.575758
3781	-2.75
3782	-2.868421
3783	-2.97619
3784	-2.846154
3785	-3.02439
3786	-2.485714
3787	-2.133333
3788	-1.933333
3789	-1.62963
3790	-1.933333
3791	-2.34375
3792	-2.352941
3793	-2.148148
3794	-2.470588
3795	-2.705882
3796	-2.484848
3797	-2.470588
3798	-2.214286
3799	-2.272727
3800	-2.484848
3801	-2.72973
3802	-2.702703
3803	-2.742857
3804	-2.529412
3805	-2.457143
3806	-2.475
3807	-2.785714
3808	-2.813953
3809	-2.578947
3810	-2.8
3811	-2.815789
3812	-2.97561
3813	-2.97561
3814	-2.648649
3815	-2.548387
3816	-2.451613
3817	-2.59375
3818	-2.53125
3819	-2.46875
3820	-2.542857
3821	-2.40625
3822	-2.181818
3823	-2.363636
3824	-2.576923
3825	-2.741935
3826	-2.678571
3827	-2.384615
3828	-2.828571
3829	-2.4
3830	-2.451613
3831	-2.3
3832	-2.5625
3833	-2.705882
3834	-2.810811
3835	-2.647059
3836	-2.363636
3837	-2.575758
3838	-2.75
3839	-2.333333
3840	-2.413793
3841	-2.322581
3842	-2.310345
3843	-2.75
3844	-2.433333
3845	-2.433333
3846	-2.419355
3847	-2.575758
3848	-2.354839
3849	-2.424242
3850	-2.322581
3851	-2.107143
3852	-2.241379
3853	-2.206897
3854	-2.066667
3855	-2.15625
3856	-2.064516
3857	-2.266667
3858	-2.068966
3859	-1.72
3860	-1.608696
3861	-1.962963
3862	-1.75
3863	-1.952381
3864	-1.947368
3865	-1.904762
3866	-1.5
3867	-1.65
3868	-2.3
3869	-2.366667
3870	-2.344828
3871	-2.111111
3872	-2.107143
3873	-2.285714
3874	-2.115385
3875	-2.217391
3876	-1.9
3877	-1.809524
3878	-1.869565
3879	-1.473684
3880	-2.033333
3881	-2.038462
3882	-2.111111
3883	-2.2
3884	-2.32
3885	-2.766667
3886	-2.935484
3887	-2.78125
3888	-3.125
3889	-2.852941
3890	-2.606061
3891	-2.411765
3892	-2.742857
3893	-2.868421
3894	-2.705882
3895	-2.857143
3896	-2.805556
3897	-2.69697
3898	-2.65625
3899	-2.258065
3900	-2.217391
3901	-2.4
3902	-2.625
3903	-3.0
3904	-2.513514
3905	-2.290323
3906	-2.575758
3907	-2.589744
3908	-2.485714
3909	-2.625
3910	-2.5
3911	-2.636364
3912	-2.69697
3913	-2.657143
3914	-2.515152
3915	-2.344828
3916	-1.772727
3917	-1.958333
3918	-1.954545
3919	-1.954545
3920	-2.12
3921	-2.038462
3922	-1.928571
3923	-2.333333
3924	-2.805556
3925	-2.685714
3926	-2.648649
3927	-2.485714
3928	-2.583333
3929	-2.37931
3930	-2.333333
3931	-2.275862
3932	-2.548387
3933	-2.483871
3934	-2.457143
3935	-3.0
3936	-3.244444
3937	-2.871795
3938	-2.842105
3939	-2.852941
3940	-2.774194
3941	-2.586207
3942	-2.354839
3943	-2.125
3944	-2.5625
3945	-2.676471
3946	-2.529412
3947	-2.725
3948	-2.783784
3949	-2.871795
3950	-2.735294
3951	-2.757576
3952	-2.612903
3953	-2.483871
3954	-2.484848
3955	-2.4
3956	-2.357143
3957	-2.53125
3958	-2.259259
3959	-2.407407
3960	-2.074074
3961	-2.185185
3962	-2.433333
3963	-2.625
3964	-3.047619
3965	-3.209302
3966	-3.255814
3967	-3.232558
3968	-3.5
3969	-3.404762
3970	-3.268293
3971	-2.685714
3972	-2.548387
3973	-2.296296
3974	-2.071429
3975	-2.034483
3976	-2.666667
3977	-2.638889
3978	-2.710526
3979	-2.775
3980	-2.775
3981	-2.540541
3982	-2.21875
3983	-2.291667
3984	-2.76
3985	-2.307692
3986	-2.148148
3987	-1.681818
3988	-1.3125
3989	-2.08
3990	-2.153846
3991	-2.333333
3992	-2.259259
3993	-2.37931
3994	-2.578947
3995	-2.74359
3996	-2.611111
3997	-2.4
3998	-2.6
3999	-2.513514
4000	-2.736842
4001	-2.676471
4002	-2.621622
4003	-2.735294
4004	-3.0
4005	-2.648649
4006	-2.764706
4007	-2.925
4008	-2.921053
4009	-2.853659
4010	-2.736842
4011	-2.393939
4012	-2.34375
4013	-2.333333
4014	-2.2
4015	-2.1
4016	-2.0
4017	-1.961538
4018	-1.8
4019	-1.833333
4020	-1.916667
4021	-2.382353
4022	-2.222222
4023	-2.25
4024	-1.863636
4025	-2.0
4026	-2.484848
4027	-2.484848
4028	-2.676471
4029	-2.75
4030	-2.666667
4031	-3.047619
4032	-2.846154
4033	-2.583333
4034	-2.423077
4035	-2.705882
4036	-2.682927
4037	-2.666667
4038	-2.142857
4039	-2.178571
4040	-2.0
4041	-2.035714
4042	-1.72
4043	-2.076923
4044	-2.193548
4045	-2.411765
4046	-2.6
4047	-2.666667
4048	-2.868421
4049	-2.828571
4050	-2.666667
4051	-2.529412
4052	-2.46875
4053	-2.617647
4054	-2.272727
4055	-2.5
4056	-2.886364
4057	-2.857143
4058	-2.638889
4059	-2.756757
4060	-2.53125
4061	-2.583333
4062	-2.5625
4063	-2.861111
4064	-2.636364
4065	-2.705882
4066	-2.575758
4067	-2.5625
4068	-2.606061
4069	-2.685714
4070	-2.4375
4071	-2.222222
4072	-2.111111
4073	-2.322581
4074	-2.16129
4075	-2.363636
4076	-2.21875
4077	-1.925926
4078	-2.066667
4079	-2.068966
4080	-2.264706
4081	-2.37931
4082	-2.666667
4083	-2.586207
4084	-2.675676
4085	-2.694444
4086	-3.155556
4087	-2.702703
4088	-2.486486
4089	-2.5
4090	-2.775
4091	-2.810811
4092	-2.894737
4093	-2.805556
4094	-2.846154
4095	-2.972222
4096	-3.025641
4097	-2.861111
4098	-2.848485
4099	-2.916667
4100	-3.032258
4101	-3.081081
4102	-2.806452
4103	-3.060606
4104	-3.058824
4105	-2.971429
4106	-3.102564
4107	-3.179487
4108	-3.027778
4109	-3.073171
4110	-3.204545
4111	-2.861111
4112	-2.818182
4113	-2.583333
4114	-2.9
4115	-3.026316
4116	-2.970588
4117	-2.948718
4118	-2.59375
4119	-2.783784
4120	-2.485714
4121	-2.076923
4122	-1.851852
4123	-2.1875
4124	-2.393939
4125	-2.904762
4126	-2.97619
4127	-3.319149
4128	-2.923077
4129	-2.947368
4130	-2.833333
4131	-2.5625
4132	-2.5
4133	-2.794118
4134	-3.0
4135	-2.705882
4136	-2.777778
4137	-2.636364
4138	-2.59375
4139	-2.28125
4140	-2.921053
4141	-3.0
4142	-2.952381
4143	-2.897436
4144	-2.926829
4145	-3.0
4146	-2.972222
4147	-2.645161
4148	-2.771429
4149	-2.657143
4150	-2.8
4151	-2.72973
4152	-2.676471
4153	-2.354839
4154	-2.322581
4155	-2.259259
4156	-2.37931
4157	-2.424242
4158	-2.37931
4159	-2.621622
4160	-2.72973
4161	-2.484848
4162	-2.75
4163	-2.5
4164	-2.5
4165	-2.40625
4166	-2.588235
4167	-2.25
4168	-2.259259
4169	-2.038462
4170	-1.961538
4171	-1.6
4172	-2.107143
4173	-2.6
4174	-2.705882
4175	-2.837838
4176	-2.771429
4177	-2.742857
4178	-2.775
4179	-2.918919
4180	-2.921053
4181	-2.789474
4182	-2.789474
4183	-3.069767
4184	-2.514286
4185	-2.976744
4186	-2.794872
4187	-2.555556
4188	-2.555556
4189	-2.837838
4190	-2.375
4191	-2.578947
4192	-2.441176
4193	-2.692308
4194	-2.789474
4195	-2.666667
4196	-2.657895
4197	-2.2
4198	-1.958333
4199	-2.115385
4200	-2.233333
4201	-2.513514
4202	-2.46875
4203	-2.53125
4204	-2.818182
4205	-2.71875
4206	-2.8
4207	-2.69697
4208	-2.864865
4209	-2.923077
4210	-3.047619
4211	-3.2
4212	-3.177778
4213	-2.783784
4214	-2.53125
4215	-3.05
4216	-3.170732
4217	-3.128205
4218	-3.026316
4219	-3.142857
4220	-2.833333
4221	-2.868421
4222	-2.769231
4223	-2.6875
4224	-2.71875
4225	-3.051282
4226	-3.177778
4227	-3.318182
4228	-3.625
4229	-3.125
4230	-3.071429
4231	-2.815789
4232	-2.53125
4233	-2.787879
4234	-2.103448
4235	-1.964286
4236	-2.441176
4237	-2.25
4238	-2.148148
4239	-1.923077
4240	-1.875
4241	-2.096774
4242	-2.411765
4243	-2.702703
4244	-2.702703
4245	-3.0
4246	-3.302326
4247	-3.146341
4248	-3.025641
4249	-2.638889
4250	-2.925
4251	-2.34375
4252	-2.193548
4253	-2.225806
4254	-2.424242
4255	-2.513514
4256	-2.527778
4257	-2.323529
4258	-2.333333
4259	-2.470588
4260	-2.166667
4261	-2.575758
4262	-2.756757
4263	-2.72973
4264	-2.714286
4265	-2.0
4266	-2.034483
4267	-2.428571
4268	-2.454545
4269	-2.428571
4270	-2.387097
4271	-2.2
4272	-2.0
4273	-2.136364
4274	-2.333333
4275	-2.617647
4276	-2.485714
4277	-2.275862
4278	-2.137931
4279	-1.923077
4280	-2.129032
4281	-2.166667
4282	-2.323529
4283	-2.588235
4284	-2.777778
4285	-2.636364
4286	-2.710526
4287	-2.594595
4288	-2.514286
4289	-2.1875
4290	-2.34375
4291	-2.285714
4292	-2.214286
4293	-2.259259
4294	-2.558824
4295	-2.448276
4296	-2.37931
4297	-2.041667
4298	-2.222222
4299	-2.46875
4300	-2.666667
4301	-2.948718
4302	-2.875
4303	-3.0
4304	-3.097561
4305	-3.311111
4306	-3.0
4307	-2.645161
4308	-2.666667
4309	-2.594595
4310	-2.594595
4311	-2.515152
4312	-2.1875
4313	-2.423077
4314	-2.259259
4315	-2.307692
4316	-2.133333
4317	-2.264706
4318	-2.393939
4319	-2.125
4320	-2.424242
4321	-2.702703
4322	-2.85
4323	-3.071429
4324	-2.947368
4325	-3.057143
4326	-2.911765
4327	-2.71875
4328	-2.586207
4329	-2.6
4330	-2.861111
4331	-2.625
4332	-2.842105
4333	-3.045455
4334	-2.9
4335	-2.923077
4336	-2.852941
4337	-2.571429
4338	-2.942857
4339	-2.857143
4340	-2.771429
4341	-2.657143
4342	-2.53125
4343	-2.5
4344	-2.7
4345	-2.97619
4346	-2.736842
4347	-2.5
4348	-2.5
4349	-2.361111
4350	-2.34375
4351	-2.694444
4352	-2.551724
4353	-2.645161
4354	-2.185185
4355	-2.457143
4356	-2.4
4357	-2.6
4358	-2.567568
4359	-2.375
4360	-2.545455
4361	-2.333333
4362	-2.483871
4363	-2.225806
4364	-2.37931
4365	-2.419355
4366	-2.744186
4367	-3.023256
4368	-2.736842
4369	-2.794872
4370	-3.105263
4371	-2.897436
4372	-3.051282
4373	-2.871795
4374	-2.529412
4375	-2.771429
4376	-2.702703
4377	-2.717949
4378	-2.846154
4379	-2.904762
4380	-3.022727
4381	-2.769231
4382	-2.878049
4383	-2.956522
4384	-2.761905
4385	-2.717949
4386	-2.875
4387	-2.72973
4388	-2.72973
4389	-2.833333
4390	-2.71875
4391	-2.842105
4392	-2.657143
4393	-2.735294
4394	-2.606061
4395	-2.741935
4396	-2.583333
4397	-2.735294
4398	-2.647059
4399	-2.451613
4400	-2.225806
4401	-2.864865
4402	-2.5625
4403	-2.588235
4404	-2.694444
4405	-2.419355
4406	-2.72973
4407	-2.702703
4408	-2.666667
4409	-2.742857
4410	-2.74359
4411	-2.8
4412	-2.363636
4413	-2.638889
4414	-3.229167
4415	-2.97561
4416	-3.153846
4417	-3.025
4418	-2.21875
4419	-2.333333
4420	-2.28125
4421	-2.482759
4422	-2.617647
4423	-2.411765
4424	-2.484848
4425	-2.666667
4426	-2.588235
4427	-2.878049
4428	-2.736842
4429	-2.864865
4430	-2.722222
4431	-2.818182
4432	-2.424242
4433	-2.551724
4434	-2.575758
4435	-2.710526
4436	-2.485714
4437	-2.470588
4438	-2.571429
4439	-2.833333
4440	-2.717949
4441	-2.513514
4442	-2.880952
4443	-2.393939
4444	-2.515152
4445	-2.722222
4446	-2.25
4447	-2.361111
4448	-2.783784
4449	-2.756757
4450	-2.882353
4451	-2.59375
4452	-2.344828
4453	-2.275862
4454	-2.542857
4455	-2.611111
4456	-2.677419
4457	-2.72973
4458	-2.575758
4459	-2.722222
4460	-2.846154
4461	-3.119048
4462	-2.885714
4463	-2.742857
4464	-2.638889
4465	-2.722222
4466	-2.666667
4467	-2.575758
4468	-2.833333
4469	-2.545455
4470	-2.333333
4471	-2.3
4472	-2.242424
4473	-2.447368
4474	-2.34375
4475	-2.241379
4476	-2.16129
4477	-2.25
4478	-2.5
4479	-2.575758
4480	-2.575758
4481	-2.451613
4482	-2.95122
4483	-2.628571
4484	-2.666667
4485	-2.483871
4486	-2.545455
4487	-2.694444
4488	-2.777778
4489	-3.0
4490	-2.709677
4491	-2.888889
4492	-2.916667
4493	-2.882353
4494	-2.794118
4495	-2.676471
4496	-2.894737
4497	-2.714286
4498	-2.558824
4499	-2.454545
4500	-2.897436
4501	-3.0
4502	-2.871795
4503	-2.846154
4504	-2.645161
4505	-2.586207
4506	-2.65625
4507	-2.678571
4508	-2.645161
4509	-2.548387
4510	-2.72973
4511	-2.675676
4512	-2.558824
4513	-2.212121
4514	-2.542857
4515	-2.46875
4516	-2.074074
4517	-2.24
4518	-2.333333
4519	-2.571429
4520	-2.785714
4521	-2.615385
4522	-2.631579
4523	-2.638889
4524	-2.636364
4525	-2.275862
4526	-2.633333
4527	-2.533333
4528	-2.419355
4529	-2.545455
4530	-2.533333
4531	-2.852941
4532	-2.65625
4533	-2.783784
4534	-2.625
4535	-2.515152
4536	-2.53125
4537	-2.454545
4538	-2.75
4539	-3.02381
4540	-2.930233
4541	-2.868421
4542	-2.771429
4543	-2.815789
4544	-2.861111
4545	-2.8
4546	-2.5
4547	-2.454545
4548	-2.583333
4549	-3.086957
4550	-2.878049
4551	-2.7
4552	-2.72973
4553	-3.146341
4554	-3.097561
4555	-3.052632
4556	-2.763158
4557	-2.794118
4558	-2.451613
4559	-2.545455
4560	-2.606061
4561	-2.842105
4562	-2.894737
4563	-2.777778
4564	-3.026316
4565	-2.868421
4566	-2.72973
4567	-2.657143
4568	-2.756757
4569	-3.175
4570	-3.027778
4571	-2.516129
4572	-2.567568
4573	-2.1
4574	-2.393939
4575	-2.516129
4576	-2.185185
4577	-2.344828
4578	-2.12
4579	-2.296296
4580	-2.125
4581	-2.0
4582	-2.12
4583	-2.047619
4584	-1.904762
4585	-2.043478
4586	-2.115385
4587	-2.137931
4588	-2.178571
4589	-2.1
4590	-2.038462
4591	-2.185185
4592	-2.28
4593	-1.88
4594	-2.130435
4595	-2.291667
4596	-2.230769
4597	-1.809524
4598	-1.909091
4599	-1.846154
4600	-2.12
4601	-2.387097
4602	-2.558824
4603	-2.589744
4604	-2.575
4605	-2.567568
4606	-2.777778
4607	-2.8
4608	-2.710526
4609	-2.605263
4610	-3.073171
4611	-2.810811
4612	-2.684211
4613	-2.193548
4614	-2.16129
4615	-2.352941
4616	-2.342857
4617	-2.09375
4618	-2.214286
4619	-2.470588
4620	-2.192308
4621	-1.962963
4622	-2.193548
4623	-2.472222
4624	-2.548387
4625	-2.5
4626	-2.259259
4627	-2.322581
4628	-2.888889
4629	-2.972973
4630	-2.777778
4631	-2.433333
4632	-2.225806
4633	-1.966667
4634	-2.441176
4635	-2.470588
4636	-2.694444
4637	-2.5
4638	-2.375
4639	-2.333333
4640	-2.545455
4641	-2.648649
4642	-2.820513
4643	-3.088889
4644	-2.947368
4645	-2.717949
4646	-2.605263
4647	-2.694444
4648	-2.638889
4649	-2.40625
4650	-2.40625
4651	-2.451613
4652	-2.413793
4653	-2.419355
4654	-2.242424
4655	-2.4
4656	-2.864865
4657	-2.466667
4658	-2.558824
4659	-2.5
4660	-2.648649
4661	-2.46875
4662	-2.5
4663	-2.540541
4664	-2.483871
4665	-2.448276
4666	-2.37931
4667	-2.40625
4668	-2.0
4669	-2.076923
4670	-2.166667
4671	-2.451613
4672	-1.846154
4673	-1.923077
4674	-2.096774
4675	-2.333333
4676	-2.472222
4677	-2.457143
4678	-2.290323
4679	-2.617647
4680	-2.542857
4681	-2.852941
4682	-2.911765
4683	-3.027778
4684	-2.947368
4685	-2.857143
4686	-2.484848
4687	-2.621622
4688	-2.424242
4689	-2.588235
4690	-2.810811
4691	-2.470588
4692	-2.95122
4693	-2.878049
4694	-3.026316
4695	-2.85
4696	-2.875
4697	-2.783784
4698	-2.97561
4699	-2.820513
4700	-2.470588
4701	-2.433333
4702	-2.757576
4703	-2.805556
4704	-3.238095
4705	-2.894737
4706	-2.633333
4707	-2.678571
4708	-2.586207
4709	-2.685714
4710	-2.805556
4711	-2.464286
4712	-2.354839
4713	-2.137931
4714	-2.558824
4715	-2.451613
4716	-2.366667
4717	-2.515152
4718	-2.842105
4719	-2.617647
4720	-2.333333
4721	-2.71875
4722	-2.178571
4723	-2.333333
4724	-1.666667
4725	-1.368421
4726	-1.695652
4727	-1.884615
4728	-2.068966
4729	-2.037037
4730	-2.233333
4731	-2.1
4732	-2.333333
4733	-2.527778
4734	-2.552632
4735	-2.470588
4736	-2.575758
4737	-2.3125
4738	-2.571429
4739	-2.592593
4740	-2.5
4741	-2.736842
4742	-2.904762
4743	-3.22449
4744	-3.093023
4745	-3.190476
4746	-2.945946
4747	-3.285714
4748	-3.142857
4749	-3.186047
4750	-2.897436
4751	-2.756757
4752	-2.815789
4753	-2.666667
4754	-2.923077
4755	-2.897436
4756	-2.542857
4757	-2.588235
4758	-2.742857
4759	-2.617647
4760	-2.756757
4761	-2.702703
4762	-2.771429
4763	-2.757576
4764	-2.344828
4765	-2.172414
4766	-2.21875
4767	-2.241379
4768	-2.172414
4769	-2.470588
4770	-2.444444
4771	-2.333333
4772	-2.5
4773	-2.514286
4774	-2.676471
4775	-2.666667
4776	-2.612903
4777	-2.483871
4778	-2.344828
4779	-2.310345
4780	-2.34375
4781	-2.115385
4782	-2.259259
4783	-2.28
4784	-1.962963
4785	-2.129032
4786	-2.153846
4787	-2.366667
4788	-2.466667
4789	-2.533333
4790	-2.580645
4791	-2.5625
4792	-2.702703
4793	-2.444444
4794	-2.233333
4795	-2.322581
4796	-2.0
4797	-2.16129
4798	-2.451613
4799	-2.222222
4800	-2.352941
4801	-2.214286
4802	-2.466667
4803	-2.321429
4804	-2.233333
4805	-2.628571
4806	-2.783784
4807	-2.631579
4808	-2.564103
4809	-2.526316
4810	-3.0
4811	-2.97619
4812	-2.810811
4813	-2.736842
4814	-2.825
4815	-2.485714
4816	-2.628571
4817	-2.763158
4818	-2.897436
4819	-2.789474
4820	-2.857143
4821	-2.484848
4822	-2.621622
4823	-2.485714
4824	-2.69697
4825	-2.810811
4826	-2.904762
4827	-2.829268
4828	-3.046512
4829	-2.837838
4830	-2.75
4831	-2.571429
4832	-2.606061
4833	-2.419355
4834	-2.628571
4835	-2.842105
4836	-2.612903
4837	-2.71875
4838	-2.545455
4839	-2.645161
4840	-2.548387
4841	-2.545455
4842	-1.913043
4843	-2.178571
4844	-2.633333
4845	-2.583333
4846	-2.545455
4847	-2.206897
4848	-2.08
4849	-2.4
4850	-2.16129
4851	-2.28125
4852	-2.333333
4853	-2.3125
4854	-2.736842
4855	-2.15625
4856	-1.916667
4857	-1.925926
4858	-1.896552
4859	-2.035714
4860	-2.083333
4861	-2.214286
4862	-2.266667
4863	-2.382353
4864	-2.241379
4865	-2.714286
4866	-2.65625
4867	-2.588235
4868	-2.6
4869	-2.269231
4870	-2.133333
4871	-2.451613
4872	-2.470588
4873	-2.111111
4874	-2.375
4875	-2.411765
4876	-2.583333
4877	-2.457143
4878	-2.540541
4879	-2.193548
4880	-2.233333
4881	-2.272727
4882	-2.4
4883	-2.033333
4884	-1.851852
4885	-2.242424
4886	-2.648649
4887	-2.272727
4888	-2.535714
4889	-2.69697
4890	-2.85
4891	-3.125
4892	-2.735294
4893	-2.588235
4894	-2.46875
4895	-2.392857
4896	-2.518519
4897	-2.038462
4898	-2.041667
4899	-1.846154
4900	-2.266667
4901	-2.269231
4902	-2.472222
4903	-2.3125
4904	-2.206897
4905	-2.241379
4906	-2.424242
4907	-2.384615
4908	-2.222222
4909	-2.166667
4910	-2.272727
4911	-2.333333
4912	-2.111111
4913	-2.142857
4914	-1.793103
4915	-1.928571
4916	-2.125
4917	-2.382353
4918	-2.035714
4919	-2.457143
4920	-2.166667
4921	-2.392857
4922	-2.366667
4923	-2.540541
4924	-2.466667
4925	-2.111111
4926	-2.352941
4927	-2.181818
4928	-2.071429
4929	-1.923077
4930	-2.447368
4931	-2.294118
4932	-2.066667
4933	-2.242424
4934	-2.342857
4935	-2.638889
4936	-2.583333
4937	-2.583333
4938	-2.405405
4939	-2.30303
4940	-2.333333
4941	-2.16129
4942	-2.424242
4943	-2.225806
4944	-2.818182
4945	-2.78125
4946	-2.1875
4947	-1.777778
4948	-1.928571
4949	-1.9
4950	-2.04
4951	-2.153846
4952	-2.166667
4953	-2.206897
4954	-2.4
4955	-2.3125
4956	-2.4375
4957	-2.357143
4958	-2.193548
4959	-2.266667
4960	-1.807692
4961	-2.0
4962	-1.75
4963	-2.0
4964	-2.2
4965	-2.193548
4966	-2.4375
4967	-2.777778
4968	-2.857143
4969	-2.548387
4970	-2.44
4971	-2.086957
4972	-1.952381
4973	-1.961538
4974	-2.242424
4975	-2.30303
4976	-2.5
4977	-2.74359
4978	-3.027778
4979	-2.914286
4980	-3.0
4981	-3.052632
4982	-2.875
4983	-2.742857
4984	-2.771429
4985	-2.46875
4986	-2.606061
4987	-2.65625
4988	-2.794118
4989	-2.266667
4990	-2.527778
4991	-2.8
4992	-3.0
4993	-2.594595
4994	-2.6
4995	-2.387097
4996	-2.0
4997	-2.115385
4998	-2.266667
4999	-2.5625
5000	-2.352941
